,date,air_temp_celsius_avg,teros11_temperature,percent_humidity_avg,teros11_volumetricwatercontent,atmos14_vaporpressure,atmos14_atmosphericpressure,phytos31_moisture,copy_pessl,negfry,caroline
0,2022-04-28 10:00:00+00:00,16.9,15.0,55.2,1804.5,1.6,97.4,0.1651949999999999,0,1.0900999999999996,
1,2022-04-28 11:00:00+00:00,,,,,,,,0,1.0900999999999996,
2,2022-04-28 12:00:00+00:00,25.499996666666664,25.79999,39.666666666666664,2510.643306666667,1.29566,96.89666333333334,0.1627133333333333,0,1.0900999999999996,
3,2022-04-28 13:00:00+00:00,25.024996666666667,26.0166625,38.099833333333336,2507.9983458333336,1.2076625,96.87416166666668,0.1617575,0,1.0900999999999996,
4,2022-04-28 14:00:00+00:00,24.649995,25.80833,36.27466666666666,2505.831660833333,1.2481625,96.84249,0.1639341666666667,0,1.0900999999999996,
5,2022-04-28 15:00:00+00:00,24.233329166666667,25.108328333333333,37.29158333333333,2505.35746,1.2739125,96.831665,0.16194,0,1.0900999999999996,
6,2022-04-28 16:00:00+00:00,24.0583325,24.44166416666667,39.90816666666666,2500.7058066666664,1.2689108333333332,96.83499583333332,0.1617175,0,1.0900999999999996,
7,2022-04-28 17:00:00+00:00,23.308329166666667,23.658329166666665,54.283249999999995,2499.2174658333333,1.5490816666666667,96.87749666666669,0.1626333333333333,0,1.0900999999999996,
8,2022-04-28 18:00:00+00:00,20.424994166666668,22.249995833333333,70.69158333333333,2501.196650833333,1.6964983333333334,96.9341625,0.1635083333333333,0,1.0900999999999996,
9,2022-04-28 19:00:00+00:00,17.327270000000002,20.2416625,77.23316666666666,2505.5924858333333,1.5167483333333334,97.074155,0.1639558333333333,0,1.0900999999999996,
10,2022-04-28 20:00:00+00:00,17.333330833333335,19.24166333333333,74.15825,2510.456620833333,1.4658291666666663,97.49162916666668,0.165665,0,1.0900999999999996,
11,2022-04-28 21:00:00+00:00,17.066663333333334,18.391658333333336,71.7,2514.1224741666665,1.3929958333333332,97.274995,0.1647891666666666,0,1.0900999999999996,
12,2022-04-28 22:00:00+00:00,17.55833,17.8916625,69.23333333333333,2517.2866366666667,1.3883299999999998,97.35833333333332,0.1651758333333333,0,1.0900999999999996,
13,2022-04-28 23:00:00+00:00,17.26666416666667,17.424995833333334,69.75824999999999,2520.26334,1.3723308333333335,97.3,0.1671066666666666,0,1.0900999999999996,
14,2022-04-29 00:00:00+00:00,17.191660833333334,17.074996666666667,68.89158333333333,2522.7416341666667,1.3495808333333337,97.44162916666666,0.1658683333333333,0,2.2371999999999996,11.056107187500004
15,2022-04-29 01:00:00+00:00,17.416664166666667,16.733330833333333,67.45,2524.5950266666664,1.3403291666666668,97.07915416666668,0.1640166666666666,0,2.2371999999999996,11.056107187500004
16,2022-04-29 02:00:00+00:00,17.39999583333333,16.408325833333333,67.13308333333333,2527.105015,1.33333,96.97416416666664,0.1645041666666666,0,2.2371999999999996,11.056107187500004
17,2022-04-29 03:00:00+00:00,17.133329166666666,16.0999975,66.833,2528.7241575000003,1.3058308333333333,96.94083,0.1656233333333333,0,2.2371999999999996,11.056107187500004
18,2022-04-29 04:00:00+00:00,17.483329166666667,15.949996666666667,66.24133333333334,2530.339148333333,1.3229133333333334,96.97082916666666,0.1643,0,2.2371999999999996,11.056107187500004
19,2022-04-29 05:00:00+00:00,19.3499975,16.724995833333335,68.34983333333332,2531.4733441666667,1.5345816666666667,97.4457875,0.1643025,0,2.2371999999999996,11.056107187500004
20,2022-04-29 06:00:00+00:00,20.47499583333333,18.349996666666662,80.39158333333334,2538.3624825,2.0713216666666665,97.3999675,0.1652375,0,2.2371999999999996,11.056107187500004
21,2022-04-29 07:00:00+00:00,23.03333,20.099995555555555,67.31088888888888,2552.01998375,2.0031066666666666,96.98666333333333,0.16399,0,2.2371999999999996,11.056107187500004
22,2022-04-29 08:00:00+00:00,24.141663333333337,21.274996666666667,55.05799999999999,2555.0325266666664,1.6539125,96.95665833333334,0.1624475,0,2.2371999999999996,11.056107187500004
23,2022-04-29 09:00:00+00:00,24.399996666666667,23.191662500000003,45.9915,2540.6508516666668,1.4069116666666668,96.93499583333332,0.1635066666666666,0,2.2371999999999996,11.056107187500004
24,2022-04-29 10:00:00+00:00,24.024996666666667,24.01666583333333,42.78325,2532.4183316666667,1.2771608333333333,96.89082916666666,0.1623875,0,2.2371999999999996,11.056107187500004
25,2022-04-29 11:00:00+00:00,24.249995833333333,24.04999833333333,43.533,2528.2958325,1.3193291666666669,96.84666333333332,0.1624091666666666,0,2.2371999999999996,11.056107187500004
26,2022-04-29 12:00:00+00:00,24.69166333333333,24.3666625,41.61658333333333,2525.276648333333,1.2918283333333334,96.80916,0.1624275,0,2.2371999999999996,11.056107187500004
27,2022-04-29 13:00:00+00:00,25.43332666666667,24.90833166666667,36.78333333333333,2525.069148333333,1.29883,96.76582916666666,0.1620825,0,2.2371999999999996,11.056107187500004
28,2022-04-29 14:00:00+00:00,25.074996666666667,24.566660833333334,40.82483333333333,2523.06329,1.297745,96.74749916666669,0.1637925,0,2.2371999999999996,11.056107187500004
29,2022-04-29 15:00:00+00:00,25.108330833333337,24.41666083333333,43.32475,2520.8483241666668,1.379495,96.7275,0.1642808333333333,0,2.2371999999999996,11.056107187500004
30,2022-04-29 16:00:00+00:00,24.533329166666665,24.0166625,54.974999999999994,2523.201675,1.6903308333333331,96.72333333333334,0.161635,0,2.2371999999999996,11.056107187500004
31,2022-04-29 17:00:00+00:00,22.624995833333333,23.224995000000003,71.99983333333333,2520.9875033333333,2.128248333333333,96.71916583333332,0.1646266666666666,0,2.2371999999999996,11.056107187500004
32,2022-04-29 18:00:00+00:00,19.249996666666664,21.80833,78.31641666666665,2522.7133341666668,1.7438325,96.7474975,0.1650125,0,2.2371999999999996,11.056107187500004
33,2022-04-29 19:00:00+00:00,17.10833,20.39999583333333,85.47491666666667,2526.029169166666,1.6669958333333332,96.78416166666666,0.16485,0,2.2371999999999996,11.056107187500004
34,2022-04-29 20:00:00+00:00,15.958328333333334,19.374995833333333,86.85816666666668,2529.4583475,1.5744966666666669,96.8041625,0.164565,0,2.2371999999999996,11.056107187500004
35,2022-04-29 21:00:00+00:00,15.2083275,18.54166083333333,89.35833333333333,2533.054115,1.5424141666666669,96.79082916666664,0.1651975,0,2.2371999999999996,11.056107187500004
36,2022-04-29 22:00:00+00:00,14.899995833333334,18.0416625,90.44975,2535.8316591666667,1.5322483333333334,96.76083,0.1654608333333333,0,2.2371999999999996,11.056107187500004
37,2022-04-29 23:00:00+00:00,16.67499666666667,17.799993333333333,85.09158333333332,2538.0324866666665,1.61441,96.73999666666668,0.16538,0,2.2371999999999996,11.056107187500004
38,2022-04-30 00:00:00+00:00,16.633330833333336,17.533330833333334,83.55816666666666,2540.3557916666664,1.5799141666666667,96.72249833333336,0.1666208333333333,0,2.4715999999999996,9.762079548611112
39,2022-04-30 01:00:00+00:00,17.266659999999998,17.224995833333335,79.675,2541.3857791666665,1.56816,96.71082833333334,0.1667025,0,2.4715999999999996,9.762079548611112
40,2022-04-30 02:00:00+00:00,16.999997500000003,16.966664166666668,79.49133333333333,2542.6783008333337,1.5395808333333332,96.65666,0.1657058333333333,0,2.4715999999999996,9.762079548611112
41,2022-04-30 03:00:00+00:00,17.216664166666668,16.749993333333332,78.49141666666667,2544.126663333333,1.5414975,96.64416083333332,0.166865,0,2.4715999999999996,9.762079548611112
42,2022-04-30 04:00:00+00:00,17.116664166666666,16.683330833333333,80.88308333333333,2545.4008333333336,1.5777458333333332,96.64165833333334,0.1642608333333333,0,2.4715999999999996,9.762079548611112
43,2022-04-30 05:00:00+00:00,18.924994166666668,17.199996666666667,77.8665,2546.591650833333,1.7018325,96.67082833333336,0.1659891666666666,0,2.4715999999999996,9.762079548611112
44,2022-04-30 06:00:00+00:00,19.64999583333333,18.274996666666667,86.04991666666666,2550.298335,2.00383,96.67916583333334,0.165745,0,2.4715999999999996,9.762079548611112
45,2022-04-30 07:00:00+00:00,22.44166333333333,19.85833,73.41641666666666,2564.09584,2.0791625,96.66916083333332,0.1659683333333333,0,2.4715999999999996,9.762079548611112
46,2022-04-30 08:00:00+00:00,23.45833083333333,21.00833,56.23308333333333,2566.37587,1.6174958333333336,96.65916333333332,0.1637516666666666,0,2.4715999999999996,9.762079548611112
47,2022-04-30 09:00:00+00:00,24.83332916666667,22.56666333333333,44.783166666666666,2553.919164166666,1.4025783333333333,96.62916,0.1637716666666666,0,2.4715999999999996,9.762079548611112
48,2022-04-30 10:00:00+00:00,25.32499333333333,23.83333,37.17491666666666,2547.2433233333336,1.1977483333333334,96.58332583333332,0.1638933333333333,0,2.4715999999999996,9.762079548611112
49,2022-04-30 11:00:00+00:00,25.0833325,24.274995,36.77466666666666,2540.0300041666665,1.2444116666666667,96.5166625,0.16253,0,2.4715999999999996,9.762079548611112
50,2022-04-30 12:00:00+00:00,22.54166333333333,23.4666625,50.04983333333334,2533.295814166667,1.44383,96.53416,0.1636916666666666,0,2.4715999999999996,9.762079548611112
51,2022-04-30 13:00:00+00:00,21.61666333333333,21.87499833333333,64.708,2540.1133191666668,1.6487475,96.50416333333334,0.164015,0,2.4715999999999996,9.762079548611112
52,2022-04-30 14:00:00+00:00,21.658330000000003,21.95832833333333,61.258250000000004,2538.445021666667,1.5705791666666666,96.56749583333334,0.16479,0,2.4715999999999996,9.762079548611112
53,2022-04-30 15:00:00+00:00,18.84999333333333,20.141663333333334,76.61658333333334,2539.1608225,1.667079166666667,96.59333,0.1648891666666666,0,2.4715999999999996,9.762079548611112
54,2022-04-30 16:00:00+00:00,21.108329166666667,20.97499583333333,76.10825,2547.41418,1.9650791666666667,96.53416,0.1643008333333333,0,2.4715999999999996,9.762079548611112
55,2022-04-30 17:00:00+00:00,18.258330833333336,20.016663333333334,80.4665,2545.5125066666665,1.6867458333333332,96.57999166666669,0.165095,0,2.4715999999999996,9.762079548611112
56,2022-04-30 18:00:00+00:00,19.1999975,19.291664166666667,76.25,2546.7333325,1.6953316666666665,96.59166333333332,0.1640775,0,2.4715999999999996,9.762079548611112
57,2022-04-30 19:00:00+00:00,18.324996666666667,18.599998333333332,74.38325,2548.3124958333333,1.5668300000000002,96.627495,0.1638116666666666,0,2.4715999999999996,9.762079548611112
58,2022-04-30 20:00:00+00:00,17.383330833333336,17.891659166666667,73.70824999999999,2550.430840833333,1.4642466666666667,96.63999083333331,0.1641583333333333,0,2.4715999999999996,9.762079548611112
59,2022-04-30 21:00:00+00:00,17.21666,17.274998333333333,72.80000000000001,2552.1499983333333,1.4285775,96.62416083333332,0.1649308333333333,0,2.4715999999999996,9.762079548611112
60,2022-04-30 22:00:00+00:00,17.241664166666666,16.841660833333332,71.73325,2553.7633408333336,1.4112458333333333,96.60082583333332,0.1657858333333333,0,2.4715999999999996,9.762079548611112
61,2022-04-30 23:00:00+00:00,16.89999416666667,16.574996666666667,72.75816666666667,2554.6591758333334,1.3995808333333333,96.5841625,0.1651966666666666,0,2.4715999999999996,9.762079548611112
62,2022-05-01 00:00:00+00:00,16.874998333333334,16.299995833333334,71.525,2555.3624825,1.3739966666666668,96.56915666666669,0.1655633333333333,0,2.1202999999999994,
63,2022-05-01 01:00:00+00:00,16.8666625,16.0249975,70.88333333333333,2556.565811666667,1.3609141666666666,96.55832666666667,0.1653591666666666,0,2.1202999999999994,
64,2022-05-01 02:00:00+00:00,16.8666625,15.8749975,72.4165,2556.959996666667,1.3909975,96.53832833333333,0.1655825,0,2.1202999999999994,
65,2022-05-01 03:00:00+00:00,16.67499833333333,15.6499975,71.59975,2557.531613333333,1.3577466666666669,96.51832583333334,0.1650933333333333,0,2.1202999999999994,
66,2022-05-01 04:00:00+00:00,17.166660833333335,15.699996666666664,73.21658333333333,2557.8100125,1.4338283333333333,96.52165666666669,0.1649725,0,2.1202999999999994,
67,2022-05-01 05:00:00+00:00,19.199995,16.408326666666667,73.71658333333335,2557.7641566666666,1.639665,96.54416583333334,0.1648691666666666,0,2.1202999999999994,
68,2022-05-01 06:00:00+00:00,19.516661666666668,17.333328333333334,80.05833333333334,2556.4625016666664,1.8166633333333333,96.55749333333334,0.1653175,0,2.1202999999999994,
69,2022-05-01 07:00:00+00:00,21.566661666666665,18.899995,79.93316666666666,2572.42832,2.1034941666666667,96.521665,0.1638309090909091,0,2.1202999999999994,
70,2022-05-01 08:00:00+00:00,22.03333083333333,20.116664166666663,69.21666666666667,2585.1866425000003,1.8724975,96.49833166666669,0.165685,0,2.1202999999999994,
71,2022-05-01 09:00:00+00:00,22.33332833333333,21.30833,62.46649999999999,2571.5742116666665,1.7348316666666663,96.49332833333334,0.1643416666666666,0,2.1202999999999994,
72,2022-05-01 10:00:00+00:00,23.033329166666665,22.399996666666667,54.6165,2564.5233116666664,1.53483,96.4666625,0.1634675,0,2.1202999999999994,
73,2022-05-01 11:00:00+00:00,23.8666625,23.274995,48.65808333333333,2558.6624916666665,1.4396658333333334,96.39749666666668,0.1641183333333333,0,2.1202999999999994,
74,2022-05-01 12:00:00+00:00,24.541660000000004,23.95832916666667,43.72483333333333,2552.5616633333334,1.3474133333333331,96.3433275,0.1644616666666666,0,2.1202999999999994,
75,2022-05-01 13:00:00+00:00,24.683328333333336,24.2,39.866583333333324,2549.6499808333333,1.2385766666666669,96.29249416666666,0.1644033333333333,0,2.1202999999999994,
76,2022-05-01 14:00:00+00:00,24.40833166666667,23.89999416666667,34.991499999999995,2548.7991691666666,1.2241633333333333,96.23749833333332,0.1627341666666666,0,2.1202999999999994,
77,2022-05-01 15:00:00+00:00,24.041661666666663,23.53333333333333,38.45833333333333,2547.3524741666665,1.2251625,96.214995,0.1651766666666666,0,2.1202999999999994,
78,2022-05-01 16:00:00+00:00,23.89999333333333,23.2166625,45.94991666666666,2542.349971666667,1.3626616666666669,96.19999333333334,0.1643425,0,2.1202999999999994,
79,2022-05-01 17:00:00+00:00,23.2999975,22.83332833333333,64.408,2539.1242,1.8390816666666667,96.20166,0.1633041666666666,0,2.1202999999999994,
80,2022-05-01 18:00:00+00:00,19.233328333333333,21.2916625,74.31666666666666,2540.199133333333,1.655829166666667,96.24333166666668,0.1643008333333333,0,2.1202999999999994,
81,2022-05-01 19:00:00+00:00,18.77499333333333,19.799999166666662,72.09150000000001,2542.824155,1.5601625,96.274995,0.1661116666666666,0,2.1202999999999994,
82,2022-05-01 20:00:00+00:00,17.341664166666668,18.833325833333333,73.59166666666667,2545.770848333333,1.456245,96.29666666666668,0.1641191666666666,0,2.1202999999999994,
83,2022-05-01 21:00:00+00:00,17.4249975,18.191660833333334,72.6665,2548.5150083333333,1.4450808333333331,96.27165916666668,0.1647683333333333,0,2.1202999999999994,
84,2022-05-01 22:00:00+00:00,17.22856714285714,17.7624975,71.98571428571428,2549.7262525,1.4148514285714284,96.24428285714286,0.1622471428571428,0,2.1202999999999994,
85,2022-05-01 23:00:00+00:00,,,,,,,,0,2.1202999999999994,
86,2022-05-02 00:00:00+00:00,16.619998000000002,16.839996,71.3,2552.841988,1.347398,96.1674925,0.16589,0,-0.15059999999999985,
87,2022-05-02 01:00:00+00:00,,,,,,,,0,-0.15059999999999985,
88,2022-05-02 02:00:00+00:00,,,,,,,,0,-0.15059999999999985,
89,2022-05-02 03:00:00+00:00,,,,,,,,0,-0.15059999999999985,
90,2022-05-02 04:00:00+00:00,,,,,,,,0,-0.15059999999999985,
91,2022-05-02 05:00:00+00:00,,,,,,,,0,-0.15059999999999985,
92,2022-05-02 06:00:00+00:00,,,,,,,,0,-0.15059999999999985,
93,2022-05-02 07:00:00+00:00,,,,,,,,0,-0.15059999999999985,
94,2022-05-02 08:00:00+00:00,,,,,,,,0,-0.15059999999999985,
95,2022-05-02 09:00:00+00:00,,,,,,,,0,-0.15059999999999985,
96,2022-05-02 10:00:00+00:00,,,,,,,,1,-0.15059999999999985,
97,2022-05-02 11:00:00+00:00,,,,,,,,1,-0.15059999999999985,
98,2022-05-02 12:00:00+00:00,,,,,,,,1,-0.15059999999999985,
99,2022-05-02 13:00:00+00:00,,,,,,,,2,-0.15059999999999985,
100,2022-05-02 14:00:00+00:00,,,,,,,,2,-0.15059999999999985,
101,2022-05-02 15:00:00+00:00,,,,,,,,2,-0.15059999999999985,
102,2022-05-02 16:00:00+00:00,,,,,,,,3,-0.15059999999999985,
103,2022-05-02 17:00:00+00:00,,,,,,,,3,-0.15059999999999985,
104,2022-05-02 18:00:00+00:00,,,,,,,,3,-0.15059999999999985,
105,2022-05-02 19:00:00+00:00,,,,,,,,4,-0.15059999999999985,
106,2022-05-02 20:00:00+00:00,,,,,,,,4,-0.15059999999999985,
107,2022-05-02 21:00:00+00:00,,,,,,,,4,-0.15059999999999985,
108,2022-05-02 22:00:00+00:00,,,,,,,,5,-0.15059999999999985,
109,2022-05-02 23:00:00+00:00,,,,,,,,5,-0.15059999999999985,
110,2022-05-03 00:00:00+00:00,,,,,,,,5,-0.3144999999999998,
111,2022-05-03 01:00:00+00:00,,,,,,,,6,-0.3144999999999998,
112,2022-05-03 02:00:00+00:00,,,,,,,,6,-0.3144999999999998,
113,2022-05-03 03:00:00+00:00,,,,,,,,6,-0.3144999999999998,
114,2022-05-03 04:00:00+00:00,,,,,,,,6,-0.3144999999999998,
115,2022-05-03 05:00:00+00:00,,,,,,,,6,-0.3144999999999998,
116,2022-05-03 06:00:00+00:00,,,,,,,,6,-0.3144999999999998,
117,2022-05-03 07:00:00+00:00,,,,,,,,6,-0.3144999999999998,
118,2022-05-03 08:00:00+00:00,,,,,,,,6,-0.3144999999999998,
119,2022-05-03 09:00:00+00:00,,,,,,,,6,-0.3144999999999998,
120,2022-05-03 10:00:00+00:00,,,,,,,,6,-0.3144999999999998,
121,2022-05-03 11:00:00+00:00,,,,,,,,6,-0.3144999999999998,
122,2022-05-03 12:00:00+00:00,,,,,,,,6,-0.3144999999999998,
123,2022-05-03 13:00:00+00:00,,,,,,,,6,-0.3144999999999998,
124,2022-05-03 14:00:00+00:00,,,,,,,,6,-0.3144999999999998,
125,2022-05-03 15:00:00+00:00,,,,,,,,6,-0.3144999999999998,
126,2022-05-03 16:00:00+00:00,,,,,,,,6,-0.3144999999999998,
127,2022-05-03 17:00:00+00:00,,,,,,,,6,-0.3144999999999998,
128,2022-05-03 18:00:00+00:00,,,,,,,,6,-0.3144999999999998,
129,2022-05-03 19:00:00+00:00,,,,,,,,6,-0.3144999999999998,
130,2022-05-03 20:00:00+00:00,,,,,,,,6,-0.3144999999999998,
131,2022-05-03 21:00:00+00:00,,,,,,,,6,-0.3144999999999998,
132,2022-05-03 22:00:00+00:00,,,,,,,,6,-0.3144999999999998,
133,2022-05-03 23:00:00+00:00,,,,,,,,6,-0.3144999999999998,
134,2022-05-04 00:00:00+00:00,,,,,,,,6,-0.3144999999999998,
135,2022-05-04 01:00:00+00:00,,,,,,,,6,-0.3144999999999998,
136,2022-05-04 02:00:00+00:00,,,,,,,,6,-0.3144999999999998,
137,2022-05-04 03:00:00+00:00,,,,,,,,6,-0.3144999999999998,
138,2022-05-04 04:00:00+00:00,,,,,,,,6,-0.3144999999999998,
139,2022-05-04 05:00:00+00:00,,,,,,,,6,-0.3144999999999998,
140,2022-05-04 06:00:00+00:00,,,,,,,,6,-0.3144999999999998,
141,2022-05-04 07:00:00+00:00,,,,,,,,6,-0.3144999999999998,
142,2022-05-04 08:00:00+00:00,,,,,,,,6,-0.3144999999999998,
143,2022-05-04 09:00:00+00:00,,,,,,,,6,-0.3144999999999998,
144,2022-05-04 10:00:00+00:00,,,,,,,,6,-0.3144999999999998,
145,2022-05-04 11:00:00+00:00,,,,,,,,6,-0.3144999999999998,
146,2022-05-04 12:00:00+00:00,,,,,,,,6,-0.3144999999999998,
147,2022-05-04 13:00:00+00:00,,,,,,,,6,-0.3144999999999998,
148,2022-05-04 14:00:00+00:00,,,,,,,,6,-0.3144999999999998,
149,2022-05-04 15:00:00+00:00,,,,,,,,6,-0.3144999999999998,
150,2022-05-04 16:00:00+00:00,,,,,,,,6,-0.3144999999999998,
151,2022-05-04 17:00:00+00:00,,,,,,,,6,-0.3144999999999998,
152,2022-05-04 18:00:00+00:00,,,,,,,,6,-0.3144999999999998,
153,2022-05-04 19:00:00+00:00,,,,,,,,6,-0.3144999999999998,
154,2022-05-04 20:00:00+00:00,,,,,,,,6,-0.3144999999999998,
155,2022-05-04 21:00:00+00:00,,,,,,,,6,-0.3144999999999998,
156,2022-05-04 22:00:00+00:00,,,,,,,,6,-0.3144999999999998,
157,2022-05-04 23:00:00+00:00,,,,,,,,6,-0.3144999999999998,
158,2022-05-05 00:00:00+00:00,,,,,,,,6,-0.3144999999999998,
159,2022-05-05 01:00:00+00:00,,,,,,,,6,-0.3144999999999998,
160,2022-05-05 02:00:00+00:00,,,,,,,,6,-0.3144999999999998,
161,2022-05-05 03:00:00+00:00,,,,,,,,6,-0.3144999999999998,
162,2022-05-05 04:00:00+00:00,,,,,,,,6,-0.3144999999999998,
163,2022-05-05 05:00:00+00:00,,,,,,,,6,-0.3144999999999998,
164,2022-05-05 06:00:00+00:00,,,,,,,,6,-0.3144999999999998,
165,2022-05-05 07:00:00+00:00,,,,,,,,6,-0.3144999999999998,
166,2022-05-05 08:00:00+00:00,,,,,,,,6,-0.3144999999999998,
167,2022-05-05 09:00:00+00:00,,,,,,,,6,-0.3144999999999998,
168,2022-05-05 10:00:00+00:00,,,,,,,,6,-0.3144999999999998,
169,2022-05-05 11:00:00+00:00,,,,,,,,6,-0.3144999999999998,
170,2022-05-05 12:00:00+00:00,,,,,,,,6,-0.3144999999999998,
171,2022-05-05 13:00:00+00:00,,,,,,,,6,-0.3144999999999998,
172,2022-05-05 14:00:00+00:00,,,,,,,,6,-0.3144999999999998,
173,2022-05-05 15:00:00+00:00,,,,,,,,6,-0.3144999999999998,
174,2022-05-05 16:00:00+00:00,,,,,,,,6,-0.3144999999999998,
175,2022-05-05 17:00:00+00:00,,,,,,,,6,-0.3144999999999998,
176,2022-05-05 18:00:00+00:00,,,,,,,,6,-0.3144999999999998,
177,2022-05-05 19:00:00+00:00,,,,,,,,6,-0.3144999999999998,
178,2022-05-05 20:00:00+00:00,,,,,,,,6,-0.3144999999999998,
179,2022-05-05 21:00:00+00:00,,,,,,,,6,-0.3144999999999998,
180,2022-05-05 22:00:00+00:00,,,,,,,,6,-0.3144999999999998,
181,2022-05-05 23:00:00+00:00,,,,,,,,6,-0.3144999999999998,
182,2022-05-06 00:00:00+00:00,,,,,,,,6,-0.3144999999999998,
183,2022-05-06 01:00:00+00:00,,,,,,,,6,-0.3144999999999998,
184,2022-05-06 02:00:00+00:00,,,,,,,,6,-0.3144999999999998,
185,2022-05-06 03:00:00+00:00,,,,,,,,6,-0.3144999999999998,
186,2022-05-06 04:00:00+00:00,,,,,,,,6,-0.3144999999999998,
187,2022-05-06 05:00:00+00:00,,,,,,,,6,-0.3144999999999998,
188,2022-05-06 06:00:00+00:00,,,,,,,,6,-0.3144999999999998,
189,2022-05-06 07:00:00+00:00,,,,,,,,6,-0.3144999999999998,
190,2022-05-06 08:00:00+00:00,,,,,,,,6,-0.3144999999999998,
191,2022-05-06 09:00:00+00:00,,,,,,,,6,-0.3144999999999998,
192,2022-05-06 10:00:00+00:00,,,,,,,,6,-0.3144999999999998,
193,2022-05-06 11:00:00+00:00,,,,,,,,6,-0.3144999999999998,
194,2022-05-06 12:00:00+00:00,,,,,,,,6,-0.3144999999999998,
195,2022-05-06 13:00:00+00:00,,,,,,,,6,-0.3144999999999998,
196,2022-05-06 14:00:00+00:00,,,,,,,,6,-0.3144999999999998,
197,2022-05-06 15:00:00+00:00,,,,,,,,6,-0.3144999999999998,
198,2022-05-06 16:00:00+00:00,,,,,,,,6,-0.3144999999999998,
199,2022-05-06 17:00:00+00:00,,,,,,,,6,-0.3144999999999998,
200,2022-05-06 18:00:00+00:00,,,,,,,,6,-0.3144999999999998,
201,2022-05-06 19:00:00+00:00,,,,,,,,6,-0.3144999999999998,
202,2022-05-06 20:00:00+00:00,,,,,,,,6,-0.3144999999999998,
203,2022-05-06 21:00:00+00:00,,,,,,,,6,-0.3144999999999998,
204,2022-05-06 22:00:00+00:00,,,,,,,,6,-0.3144999999999998,
205,2022-05-06 23:00:00+00:00,,,,,,,,6,-0.3144999999999998,
206,2022-05-07 00:00:00+00:00,,,,,,,,6,-0.3144999999999998,
207,2022-05-07 01:00:00+00:00,,,,,,,,6,-0.3144999999999998,
208,2022-05-07 02:00:00+00:00,,,,,,,,6,-0.3144999999999998,
209,2022-05-07 03:00:00+00:00,,,,,,,,6,-0.3144999999999998,
210,2022-05-07 04:00:00+00:00,,,,,,,,6,-0.3144999999999998,
211,2022-05-07 05:00:00+00:00,,,,,,,,6,-0.3144999999999998,
212,2022-05-07 06:00:00+00:00,,,,,,,,6,-0.3144999999999998,
213,2022-05-07 07:00:00+00:00,,,,,,,,6,-0.3144999999999998,
214,2022-05-07 08:00:00+00:00,,,,,,,,6,-0.3144999999999998,
215,2022-05-07 09:00:00+00:00,,,,,,,,6,-0.3144999999999998,
216,2022-05-07 10:00:00+00:00,,,,,,,,6,-0.3144999999999998,
217,2022-05-07 11:00:00+00:00,,,,,,,,6,-0.3144999999999998,
218,2022-05-07 12:00:00+00:00,,,,,,,,6,-0.3144999999999998,
219,2022-05-07 13:00:00+00:00,,,,,,,,6,-0.3144999999999998,
220,2022-05-07 14:00:00+00:00,,,,,,,,6,-0.3144999999999998,
221,2022-05-07 15:00:00+00:00,,,,,,,,6,-0.3144999999999998,
222,2022-05-07 16:00:00+00:00,,,,,,,,6,-0.3144999999999998,
223,2022-05-07 17:00:00+00:00,,,,,,,,6,-0.3144999999999998,
224,2022-05-07 18:00:00+00:00,,,,,,,,6,-0.3144999999999998,
225,2022-05-07 19:00:00+00:00,,,,,,,,6,-0.3144999999999998,
226,2022-05-07 20:00:00+00:00,,,,,,,,6,-0.3144999999999998,
227,2022-05-07 21:00:00+00:00,,,,,,,,6,-0.3144999999999998,
228,2022-05-07 22:00:00+00:00,,,,,,,,6,-0.3144999999999998,
229,2022-05-07 23:00:00+00:00,,,,,,,,6,-0.3144999999999998,
230,2022-05-08 00:00:00+00:00,,,,,,,,6,-0.3144999999999998,
231,2022-05-08 01:00:00+00:00,,,,,,,,6,-0.3144999999999998,
232,2022-05-08 02:00:00+00:00,,,,,,,,6,-0.3144999999999998,
233,2022-05-08 03:00:00+00:00,,,,,,,,6,-0.3144999999999998,
234,2022-05-08 04:00:00+00:00,,,,,,,,6,-0.3144999999999998,
235,2022-05-08 05:00:00+00:00,,,,,,,,6,-0.3144999999999998,
236,2022-05-08 06:00:00+00:00,,,,,,,,6,-0.3144999999999998,
237,2022-05-08 07:00:00+00:00,,,,,,,,6,-0.3144999999999998,
238,2022-05-08 08:00:00+00:00,,,,,,,,6,-0.3144999999999998,
239,2022-05-08 09:00:00+00:00,,,,,,,,6,-0.3144999999999998,
240,2022-05-08 10:00:00+00:00,,,,,,,,6,-0.3144999999999998,
241,2022-05-08 11:00:00+00:00,,,,,,,,6,-0.3144999999999998,
242,2022-05-08 12:00:00+00:00,,,,,,,,6,-0.3144999999999998,
243,2022-05-08 13:00:00+00:00,,,,,,,,6,-0.3144999999999998,
244,2022-05-08 14:00:00+00:00,,,,,,,,6,-0.3144999999999998,
245,2022-05-08 15:00:00+00:00,,,,,,,,6,-0.3144999999999998,
246,2022-05-08 16:00:00+00:00,,,,,,,,6,-0.3144999999999998,
247,2022-05-08 17:00:00+00:00,,,,,,,,6,-0.3144999999999998,
248,2022-05-08 18:00:00+00:00,,,,,,,,6,-0.3144999999999998,
249,2022-05-08 19:00:00+00:00,,,,,,,,6,-0.3144999999999998,
250,2022-05-08 20:00:00+00:00,,,,,,,,6,-0.3144999999999998,
251,2022-05-08 21:00:00+00:00,,,,,,,,6,-0.3144999999999998,
252,2022-05-08 22:00:00+00:00,,,,,,,,6,-0.3144999999999998,
253,2022-05-08 23:00:00+00:00,,,,,,,,6,-0.3144999999999998,
254,2022-05-09 00:00:00+00:00,,,,,,,,6,-0.3144999999999998,
255,2022-05-09 01:00:00+00:00,,,,,,,,6,-0.3144999999999998,
256,2022-05-09 02:00:00+00:00,,,,,,,,6,-0.3144999999999998,
257,2022-05-09 03:00:00+00:00,,,,,,,,6,-0.3144999999999998,
258,2022-05-09 04:00:00+00:00,,,,,,,,6,-0.3144999999999998,
259,2022-05-09 05:00:00+00:00,,,,,,,,6,-0.3144999999999998,
260,2022-05-09 06:00:00+00:00,,,,,,,,6,-0.3144999999999998,
261,2022-05-09 07:00:00+00:00,,,,,,,,6,-0.3144999999999998,
262,2022-05-09 08:00:00+00:00,,,,,,,,6,-0.3144999999999998,
263,2022-05-09 09:00:00+00:00,,,,,,,,6,-0.3144999999999998,
264,2022-05-09 10:00:00+00:00,,,,,,,,6,-0.3144999999999998,
265,2022-05-09 11:00:00+00:00,,,,,,,,6,-0.3144999999999998,
266,2022-05-09 12:00:00+00:00,,,,,,,,6,-0.3144999999999998,
267,2022-05-09 13:00:00+00:00,,,,,,,,6,-0.3144999999999998,
268,2022-05-09 14:00:00+00:00,,,,,,,,6,-0.3144999999999998,
269,2022-05-09 15:00:00+00:00,,,,,,,,6,-0.3144999999999998,
270,2022-05-09 16:00:00+00:00,,,,,,,,6,-0.3144999999999998,
271,2022-05-09 17:00:00+00:00,,,,,,,,6,-0.3144999999999998,
272,2022-05-09 18:00:00+00:00,,,,,,,,6,-0.3144999999999998,
273,2022-05-09 19:00:00+00:00,,,,,,,,6,-0.3144999999999998,
274,2022-05-09 20:00:00+00:00,,,,,,,,6,-0.3144999999999998,
275,2022-05-09 21:00:00+00:00,,,,,,,,6,-0.3144999999999998,
276,2022-05-09 22:00:00+00:00,,,,,,,,6,-0.3144999999999998,
277,2022-05-09 23:00:00+00:00,,,,,,,,6,-0.3144999999999998,
278,2022-05-10 00:00:00+00:00,,,,,,,,6,-0.3144999999999998,
279,2022-05-10 01:00:00+00:00,,,,,,,,6,-0.3144999999999998,
280,2022-05-10 02:00:00+00:00,,,,,,,,6,-0.3144999999999998,
281,2022-05-10 03:00:00+00:00,,,,,,,,6,-0.3144999999999998,
282,2022-05-10 04:00:00+00:00,,,,,,,,6,-0.3144999999999998,
283,2022-05-10 05:00:00+00:00,,,,,,,,6,-0.3144999999999998,
284,2022-05-10 06:00:00+00:00,,,,,,,,6,-0.3144999999999998,
285,2022-05-10 07:00:00+00:00,,,,,,,,6,-0.3144999999999998,
286,2022-05-10 08:00:00+00:00,,,,,,,,6,-0.3144999999999998,
287,2022-05-10 09:00:00+00:00,,,,,,,,6,-0.3144999999999998,
288,2022-05-10 10:00:00+00:00,,,,,,,,6,-0.3144999999999998,
289,2022-05-10 11:00:00+00:00,,,,,,,,6,-0.3144999999999998,
290,2022-05-10 12:00:00+00:00,,,,,,,,6,-0.3144999999999998,
291,2022-05-10 13:00:00+00:00,,,,,,,,6,-0.3144999999999998,
292,2022-05-10 14:00:00+00:00,,,,,,,,6,-0.3144999999999998,
293,2022-05-10 15:00:00+00:00,,,,,,,,6,-0.3144999999999998,
294,2022-05-10 16:00:00+00:00,,,,,,,,6,-0.3144999999999998,
295,2022-05-10 17:00:00+00:00,,,,,,,,6,-0.3144999999999998,
296,2022-05-10 18:00:00+00:00,,,,,,,,6,-0.3144999999999998,
297,2022-05-10 19:00:00+00:00,,,,,,,,6,-0.3144999999999998,
298,2022-05-10 20:00:00+00:00,,,,,,,,6,-0.3144999999999998,
299,2022-05-10 21:00:00+00:00,,,,,,,,6,-0.3144999999999998,
300,2022-05-10 22:00:00+00:00,,,,,,,,6,-0.3144999999999998,
301,2022-05-10 23:00:00+00:00,,,,,,,,6,-0.3144999999999998,
302,2022-05-11 00:00:00+00:00,,,,,,,,6,-0.3144999999999998,
303,2022-05-11 01:00:00+00:00,,,,,,,,6,-0.3144999999999998,
304,2022-05-11 02:00:00+00:00,,,,,,,,6,-0.3144999999999998,
305,2022-05-11 03:00:00+00:00,,,,,,,,6,-0.3144999999999998,
306,2022-05-11 04:00:00+00:00,,,,,,,,6,-0.3144999999999998,
307,2022-05-11 05:00:00+00:00,,,,,,,,6,-0.3144999999999998,
308,2022-05-11 06:00:00+00:00,,,,,,,,6,-0.3144999999999998,
309,2022-05-11 07:00:00+00:00,,,,,,,,6,-0.3144999999999998,
310,2022-05-11 08:00:00+00:00,,,,,,,,6,-0.3144999999999998,
311,2022-05-11 09:00:00+00:00,,,,,,,,6,-0.3144999999999998,
312,2022-05-11 10:00:00+00:00,,,,,,,,6,-0.3144999999999998,
313,2022-05-11 11:00:00+00:00,,,,,,,,6,-0.3144999999999998,
314,2022-05-11 12:00:00+00:00,,,,,,,,6,-0.3144999999999998,
315,2022-05-11 13:00:00+00:00,,,,,,,,6,-0.3144999999999998,
316,2022-05-11 14:00:00+00:00,,,,,,,,6,-0.3144999999999998,
317,2022-05-11 15:00:00+00:00,,,,,,,,6,-0.3144999999999998,
318,2022-05-11 16:00:00+00:00,,,,,,,,6,-0.3144999999999998,
319,2022-05-11 17:00:00+00:00,,,,,,,,6,-0.3144999999999998,
320,2022-05-11 18:00:00+00:00,,,,,,,,6,-0.3144999999999998,
321,2022-05-11 19:00:00+00:00,,,,,,,,6,-0.3144999999999998,
322,2022-05-11 20:00:00+00:00,,,,,,,,6,-0.3144999999999998,
323,2022-05-11 21:00:00+00:00,,,,,,,,6,-0.3144999999999998,
324,2022-05-11 22:00:00+00:00,,,,,,,,6,-0.3144999999999998,
325,2022-05-11 23:00:00+00:00,,,,,,,,6,-0.3144999999999998,
326,2022-05-12 00:00:00+00:00,,,,,,,,6,2.8884999999999996,
327,2022-05-12 01:00:00+00:00,,,,,,,,6,2.8884999999999996,
328,2022-05-12 02:00:00+00:00,,,,,,,,6,2.8884999999999996,
329,2022-05-12 03:00:00+00:00,,,,,,,,6,2.8884999999999996,
330,2022-05-12 04:00:00+00:00,,,,,,,,6,2.8884999999999996,
331,2022-05-12 05:00:00+00:00,,,,,,,,6,2.8884999999999996,
332,2022-05-12 06:00:00+00:00,,,,,,,,6,2.8884999999999996,
333,2022-05-12 07:00:00+00:00,,,,,,,,6,2.8884999999999996,
334,2022-05-12 08:00:00+00:00,,,,,,,,6,2.8884999999999996,
335,2022-05-12 09:00:00+00:00,,,,,,,,6,2.8884999999999996,
336,2022-05-12 10:00:00+00:00,,,,,,,,6,2.8884999999999996,
337,2022-05-12 11:00:00+00:00,,,,,,,,6,2.8884999999999996,
338,2022-05-12 12:00:00+00:00,,,,,,,,6,2.8884999999999996,
339,2022-05-12 13:00:00+00:00,,,,,,,,6,2.8884999999999996,
340,2022-05-12 14:00:00+00:00,,,,,,,,6,2.8884999999999996,
341,2022-05-12 15:00:00+00:00,24.15,23.89999,65.2995,2511.81494,1.9645,96.464995,0.167025,0,2.8884999999999996,
342,2022-05-12 16:00:00+00:00,23.874995833333333,23.5999975,67.15816666666666,2521.3641316666667,2.0444141666666664,96.45915666666669,0.1656241666666666,0,2.8884999999999996,
343,2022-05-12 17:00:00+00:00,23.33333,23.333324166666667,76.78308333333334,2513.476640833333,2.1995758333333333,96.46749583333332,0.1649308333333333,0,2.8884999999999996,
344,2022-05-12 18:00:00+00:00,21.574996666666667,22.749995833333333,77.62475,2510.9475058333333,2.168746666666667,96.49166333333334,0.1650741666666666,0,2.8884999999999996,
345,2022-05-12 19:00:00+00:00,19.9916625,21.866664166666663,83.19149999999999,2510.849195,1.9751591666666668,96.57166083333334,0.1650125,0,2.8884999999999996,
346,2022-05-12 20:00:00+00:00,19.24545181818182,21.379997,88.54536363636363,2511.1274983333333,2.0747483333333334,96.6183275,0.165685,0,2.8884999999999996,
347,2022-05-12 21:00:00+00:00,18.6333275,20.858329166666667,90.58316666666668,2511.8174608333334,1.9409081818181817,96.68090545454548,0.1639645454545454,0,2.8884999999999996,
348,2022-05-12 22:00:00+00:00,17.941661666666665,20.299995454545453,90.85445454545454,2512.4174775,1.868165,96.6708275,0.1650333333333333,0,2.8884999999999996,
349,2022-05-12 23:00:00+00:00,17.524996666666667,19.89999583333333,92.95833333333334,2512.8466741666666,1.861997272727273,96.681665,0.1651358333333333,0,2.8884999999999996,
350,2022-05-13 00:00:00+00:00,17.216661666666667,19.48181363636364,93.2915,2513.7750008333333,1.831748333333333,96.65832916666666,0.1643016666666666,0,12.8567,
351,2022-05-13 01:00:00+00:00,16.816660833333334,19.1083325,94.08333333333331,2514.1474775,1.7999966666666667,96.63499666666668,0.164545,0,12.8567,
352,2022-05-13 02:00:00+00:00,16.599998333333335,18.82499333333333,94.80816666666666,2513.8116808333334,1.7922466666666663,96.6216625,0.165055,0,12.8567,
353,2022-05-13 03:00:00+00:00,16.608328333333333,18.536363636363635,96.02483333333333,2513.9191841666666,1.813413333333333,96.59165833333331,0.1660124999999999,0,12.8567,
354,2022-05-13 04:00:00+00:00,17.949995,18.683333333333334,93.60825,2513.6124833333333,1.9414966666666664,96.60332666666666,0.1651358333333333,1,12.8567,
355,2022-05-13 05:00:00+00:00,17.56666,18.666665,96.05825,2512.415809166667,1.9278308333333332,96.63832666666669,0.1654624999999999,1,12.8567,
356,2022-05-13 06:00:00+00:00,18.708331666666663,19.09166083333333,98.01666666666668,2512.115820833333,2.297991666666667,96.6416575,0.1654408333333333,1,12.8567,
357,2022-05-13 07:00:00+00:00,21.28181545454545,19.97499583333333,94.00816666666665,2543.5699825,2.378995,96.65083083333332,0.16599,2,12.8567,
358,2022-05-13 08:00:00+00:00,23.2166625,20.83333,76.32491666666667,2559.68905,2.396663333333333,96.65333333333336,0.1655625,0,12.8567,
359,2022-05-13 09:00:00+00:00,23.716661666666667,21.441662500000003,64.49133333333333,2541.6474575,1.9811616666666667,96.65583333333332,0.1638741666666666,0,12.8567,
360,2022-05-13 10:00:00+00:00,23.86666083333333,21.641663333333337,66.50833333333334,2538.0716908333334,2.096581666666667,96.65249833333333,0.1637516666666666,0,12.8567,
361,2022-05-13 11:00:00+00:00,24.716663333333333,22.14999583333333,64.32483333333333,2540.6324616666666,2.1396641666666665,96.63832333333332,0.162875,0,12.8567,
362,2022-05-13 12:00:00+00:00,26.041661666666663,22.999995833333333,60.6665,2541.6125033333333,2.2722416666666665,96.61499666666668,0.1632633333333333,0,12.8567,
363,2022-05-13 13:00:00+00:00,26.416661666666663,23.5166625,57.02466666666667,2549.3124758333333,2.0445800000000003,96.59749166666668,0.1622033333333333,0,12.8567,
364,2022-05-13 14:00:00+00:00,26.04166,23.5083325,58.29141666666666,2543.0491875,2.029999166666667,96.57582916666668,0.1630183333333333,0,12.8567,
365,2022-05-13 15:00:00+00:00,25.23333,23.18332583333333,62.874833333333335,2539.3008175,2.206163333333333,96.57416083333334,0.1626533333333333,0,12.8567,
366,2022-05-13 16:00:00+00:00,23.78333166666667,22.683331666666664,72.99983333333334,2527.4974925,2.268245,96.57082416666668,0.1636308333333333,0,12.8567,
367,2022-05-13 17:00:00+00:00,23.141665,22.49166333333333,76.14166666666668,2533.8649858333333,2.222163333333333,96.58082916666666,0.1628766666666666,0,12.8567,
368,2022-05-13 18:00:00+00:00,20.816665,21.749995833333333,80.78325,2528.6241208333336,2.128581666666667,96.59999416666666,0.1641175,0,12.8567,
369,2022-05-13 19:00:00+00:00,19.39166,20.983328333333333,88.77475,2526.1849725,2.2171616666666667,96.642495,0.1626525,0,12.8567,
370,2022-05-13 20:00:00+00:00,19.208325,20.766660833333333,91.44133333333335,2525.9458566666667,2.4227475000000003,96.66083166666664,0.1622458333333333,0,12.8567,
371,2022-05-13 21:00:00+00:00,18.62727,20.37272181818182,91.51818181818182,2526.12635,1.9646345454545453,96.66181454545456,0.16241,0,12.8567,
372,2022-05-13 22:00:00+00:00,,,,,,,,0,12.8567,
373,2022-05-13 23:00:00+00:00,,,,,,,,0,12.8567,
374,2022-05-14 00:00:00+00:00,,,,,,,,0,0.7622999999999998,
375,2022-05-14 01:00:00+00:00,,,,,,,,0,0.7622999999999998,
376,2022-05-14 02:00:00+00:00,,,,,,,,0,0.7622999999999998,
377,2022-05-14 03:00:00+00:00,,,,,,,,1,0.7622999999999998,
378,2022-05-14 04:00:00+00:00,,,,,,,,1,0.7622999999999998,
379,2022-05-14 05:00:00+00:00,,,,,,,,1,0.7622999999999998,
380,2022-05-14 06:00:00+00:00,,,,,,,,2,0.7622999999999998,
381,2022-05-14 07:00:00+00:00,,,,,,,,2,0.7622999999999998,
382,2022-05-14 08:00:00+00:00,23.159998,20.927269090909093,72.6899,2568.5472690909087,2.421587,96.589993,0.164854,0,0.7622999999999998,
383,2022-05-14 09:00:00+00:00,24.391660833333333,21.733330833333337,64.05808333333334,2554.818275,1.9990872727272728,96.574995,0.1633866666666666,0,0.7622999999999998,
384,2022-05-14 10:00:00+00:00,25.64166416666667,22.6749975,58.85816666666667,2551.2399858333333,1.9359975,96.56416083333332,0.162775,0,0.7622999999999998,
385,2022-05-14 11:00:00+00:00,26.749996666666664,23.608329166666667,50.44158333333334,2546.2499766666665,1.7808163636363636,96.5236309090909,0.1626925,0,0.7622999999999998,
386,2022-05-14 12:00:00+00:00,27.449995,24.283329166666665,46.69149999999999,2539.6241416666667,1.7069975,96.4733275,0.16247,0,0.7622999999999998,
387,2022-05-14 13:00:00+00:00,27.963631818181817,24.45832916666667,41.74133333333333,2541.2758541666667,1.5756641666666666,96.41583083333336,0.1620016666666666,0,0.7622999999999998,
388,2022-05-14 14:00:00+00:00,27.65833083333333,24.383323333333333,42.949749999999995,2537.1383225,1.5910791666666668,96.3691625,0.1608608333333333,0,0.7622999999999998,
389,2022-05-14 15:00:00+00:00,26.949996666666667,24.19166333333333,48.508250000000004,2531.650835,1.7224141666666668,96.34749166666668,0.1627558333333333,0,0.7622999999999998,
390,2022-05-14 16:00:00+00:00,25.54999583333333,23.7749975,50.75825,2528.5450166666665,1.6602475,96.334995,0.16249,0,0.7622999999999998,
391,2022-05-14 17:00:00+00:00,24.074996666666667,23.227267272727275,57.89149999999999,2526.576974,1.7349141666666668,96.3358275,0.1619199999999999,0,0.7622999999999998,
392,2022-05-14 18:00:00+00:00,22.763631818181818,22.699994545454544,70.78172727272727,2524.098163636364,2.1859125,96.34165666666668,0.1631427272727272,0,0.7622999999999998,
393,2022-05-14 19:00:00+00:00,20.299995,21.75384307692308,79.40808333333332,2520.9699853846155,1.8903308333333333,96.37181272727274,0.1633658333333333,0,0.7622999999999998,
394,2022-05-14 20:00:00+00:00,18.50833,20.76363363636364,84.01666666666667,2521.3491775,1.7904966666666666,96.41249666666666,0.1634466666666666,0,0.7622999999999998,
395,2022-05-14 21:00:00+00:00,17.033329166666665,19.824996666666667,85.09141666666666,2522.6958358333336,1.652248333333333,96.40749833333332,0.16367,0,0.7622999999999998,
396,2022-05-14 22:00:00+00:00,16.11666333333333,19.0083275,87.20816666666667,2524.0599733333333,1.5957458333333332,96.39165916666668,0.1635883333333333,0,0.7622999999999998,
397,2022-05-14 23:00:00+00:00,16.224995,18.69999545454545,87.90816666666666,2525.259116363636,1.61958,96.38332583333332,0.162835,0,0.7622999999999998,
398,2022-05-15 00:00:00+00:00,16.33332916666667,18.45384076923077,87.89158333333334,2525.9546407692305,1.63258,96.35666083333336,0.1653391666666666,0,1.6285999999999996,13.90844285353535
399,2022-05-15 01:00:00+00:00,16.383330833333336,18.20908818181818,87.69991666666667,2526.934542727273,1.6311608333333334,96.34999,0.1643608333333333,0,1.6285999999999996,13.90844285353535
400,2022-05-15 02:00:00+00:00,16.2333275,17.98333,87.64150000000001,2526.520848333333,1.6164125,96.35833,0.16485,0,1.6285999999999996,13.90844285353535
401,2022-05-15 03:00:00+00:00,16.699996666666667,17.87499083333333,88.77483333333332,2525.7808375,1.6862475,96.37249666666668,0.16424,0,1.6285999999999996,13.90844285353535
402,2022-05-15 04:00:00+00:00,17.674993333333333,18.06923,88.69981818181819,2525.055414615385,1.7929983333333332,96.3827181818182,0.16412,0,1.6285999999999996,13.90844285353535
403,2022-05-15 05:00:00+00:00,18.058330833333333,18.37499333333333,90.38325,2523.1858275,1.872726363636364,96.40083,0.1629575,1,1.6285999999999996,13.90844285353535
404,2022-05-15 06:00:00+00:00,20.074996666666667,19.272724545454544,94.84966666666668,2540.483638181818,2.2953291666666664,96.39666416666668,0.1629783333333333,1,1.6285999999999996,13.90844285353535
405,2022-05-15 07:00:00+00:00,21.991664166666663,20.02307307692308,79.20824999999999,2560.7161538461537,2.4049975,96.35499583333336,0.1637725,0,1.6285999999999996,13.90844285353535
406,2022-05-15 08:00:00+00:00,23.358329166666667,20.74545181818182,66.1165,2566.289968181818,1.9328308333333333,96.32165916666666,0.1637733333333333,0,1.6285999999999996,13.90844285353535
407,2022-05-15 09:00:00+00:00,24.616665,21.56666333333333,57.891583333333344,2550.162530833333,1.8642483333333333,96.31415666666668,0.1634666666666666,0,1.6285999999999996,13.90844285353535
408,2022-05-15 10:00:00+00:00,25.97499583333333,22.730766153846155,55.1665,2546.248455384615,1.9030816666666668,96.28332833333332,0.1621441666666666,0,1.6285999999999996,13.90844285353535
409,2022-05-15 11:00:00+00:00,27.391661666666664,23.763631818181818,53.52475,2541.4600218181818,1.9875816666666664,96.2349975,0.16184,0,1.6285999999999996,13.90844285353535
410,2022-05-15 12:00:00+00:00,28.18333,24.61538,50.249833333333335,2535.3499992307693,1.9842466666666667,96.18749416666668,0.1623883333333333,0,1.6285999999999996,13.90844285353535
411,2022-05-15 13:00:00+00:00,28.133329166666663,24.841656666666665,47.4165,2538.0033308333336,1.8065825,96.13666333333332,0.1626525,0,1.6285999999999996,13.90844285353535
412,2022-05-15 14:00:00+00:00,28.099995000000003,24.818171818181817,51.79141666666667,2532.094523636364,2.050415833333333,96.6999875,0.1622058333333333,0,1.6285999999999996,13.90844285353535
413,2022-05-15 15:00:00+00:00,28.174994166666664,24.658331666666665,53.98308333333334,2533.655780833333,2.296989166666666,96.50829666666664,0.1624491666666666,0,1.6285999999999996,13.90844285353535
414,2022-05-15 16:00:00+00:00,25.54999583333333,23.96153230769231,61.77475,2517.92617,2.1272483333333336,96.93324083333331,0.1635875,0,1.6285999999999996,13.90844285353535
415,2022-05-15 17:00:00+00:00,25.158330000000003,23.79090181818182,60.87466666666666,2524.7383191666668,2.002665,96.31663833333332,0.16365,0,1.6285999999999996,13.90844285353535
416,2022-05-15 18:00:00+00:00,23.41666333333333,23.25454090909091,75.14166666666667,2516.7281781818183,2.206746666666666,96.46582166666668,0.1632641666666666,0,1.6285999999999996,13.90844285353535
417,2022-05-15 19:00:00+00:00,21.433328333333336,22.624995,79.21658333333333,2514.8784323076925,2.3218154545454546,96.19272363636364,0.1632225,0,1.6285999999999996,13.90844285353535
418,2022-05-15 20:00:00+00:00,20.266661666666668,21.881816363636364,81.47458333333333,2514.590947272727,1.9332466666666663,96.28666,0.16312,0,1.6285999999999996,13.90844285353535
419,2022-05-15 21:00:00+00:00,19.183329166666667,21.23333,86.718,2515.163063076923,1.9243627272727275,96.312495,0.1633841666666666,0,1.6285999999999996,13.90844285353535
420,2022-05-15 22:00:00+00:00,18.172721818181817,20.54999583333333,87.74966666666667,2516.533321666667,1.8331625,96.3191575,0.1634075,0,1.6285999999999996,13.90844285353535
421,2022-05-15 23:00:00+00:00,17.158329166666665,19.83636090909091,87.59991666666667,2517.186363636364,1.7149966666666667,96.35249416666666,0.1638716666666666,0,1.6285999999999996,13.90844285353535
422,2022-05-16 00:00:00+00:00,16.191665,19.108329166666667,89.42466666666667,2518.090795833333,1.6420816666666669,96.35249416666666,0.1628349999999999,0,7.8165000000000004,13.078815729166667
423,2022-05-16 01:00:00+00:00,15.741663333333332,18.67499583333333,91.39975,2519.566665833333,1.633495,96.33666,0.1643225,0,7.8165000000000004,13.078815729166667
424,2022-05-16 02:00:00+00:00,15.90833,18.258326666666665,91.93316666666668,2520.673335,1.6617483333333334,96.33999083333332,0.1643216666666666,0,7.8165000000000004,13.078815729166667
425,2022-05-16 03:00:00+00:00,16.716660833333332,18.230763846153845,91.30808333333333,2520.92848,1.7387483333333331,96.367495,0.1646466666666666,0,7.8165000000000004,13.078815729166667
426,2022-05-16 04:00:00+00:00,17.674994166666668,18.441661666666665,91.66633333333331,2519.8874866666665,1.8516345454545453,96.41499583333332,0.1641783333333333,0,7.8165000000000004,13.078815729166667
427,2022-05-16 05:00:00+00:00,18.141666666666666,18.666665555555557,91.87475,2518.6836336363635,1.9113283333333333,96.5066625,0.1638725,1,7.8165000000000004,13.078815729166667
428,2022-05-16 06:00:00+00:00,20.06666333333333,19.54999666666667,96.625,2528.8183541666667,2.3954875,96.54916666666666,0.1632441666666666,1,7.8165000000000004,13.078815729166667
429,2022-05-16 07:00:00+00:00,22.283329166666665,20.38333083333333,77.1665,2556.7483275,2.1999125,96.55082833333334,0.1639141666666666,0,7.8165000000000004,13.078815729166667
430,2022-05-16 08:00:00+00:00,22.783328333333333,20.966661666666667,72.89983333333333,2560.047481666667,2.1678216666666668,96.58915916666666,0.1638925,0,7.8165000000000004,13.078815729166667
431,2022-05-16 09:00:00+00:00,23.3999975,21.215379230769237,77.64966666666666,2553.287651538461,2.230495,96.60332666666666,0.16426,0,7.8165000000000004,13.078815729166667
432,2022-05-16 10:00:00+00:00,23.5083275,21.709083636363637,65.27466666666668,2540.6654772727275,1.9215808333333333,96.60916583333334,0.1636083333333333,0,7.8165000000000004,13.078815729166667
433,2022-05-16 11:00:00+00:00,23.81666333333333,21.891658333333336,61.683166666666665,2540.6266641666666,1.8174983333333328,96.59582583333334,0.1619799999999999,0,7.8165000000000004,13.078815729166667
434,2022-05-16 12:00:00+00:00,24.824996666666667,22.624995833333333,57.57458333333333,2540.8358125,1.8034141666666663,96.54999666666669,0.1625516666666666,0,7.8165000000000004,13.078815729166667
435,2022-05-16 13:00:00+00:00,25.76666333333333,23.399997692307693,53.124833333333335,2542.391557692308,1.7599975,96.50416083333334,0.1629366666666666,0,7.8165000000000004,13.078815729166667
436,2022-05-16 14:00:00+00:00,26.00833083333333,23.536363636363635,51.76625,2538.320863636364,1.7398300000000002,96.46833083333333,0.1626333333333333,0,7.8165000000000004,13.078815729166667
437,2022-05-16 15:00:00+00:00,25.89999583333333,23.53333166666667,49.91641666666667,2532.9374566666665,1.6664141666666668,96.45999,0.1621041666666666,0,7.8165000000000004,13.078815729166667
438,2022-05-16 16:00:00+00:00,25.1333275,23.233329166666667,52.23308333333333,2528.518385,1.6673627272727274,96.44166333333334,0.1614533333333333,0,7.8165000000000004,13.078815729166667
439,2022-05-16 17:00:00+00:00,24.266663333333337,22.861533846153844,59.89063636363636,2526.003056153846,1.8084958333333332,96.46416083333334,0.1619208333333333,0,7.8165000000000004,13.078815729166667
440,2022-05-16 18:00:00+00:00,22.966663333333333,22.52727090909091,74.54974999999999,2519.4136145454545,2.2821608333333336,96.52249583333334,0.1624083333333333,0,7.8165000000000004,13.078815729166667
441,2022-05-16 19:00:00+00:00,20.266663333333334,21.607689230769232,81.108,2517.5684484615385,2.00908,96.60249333333331,0.1627133333333333,0,7.8165000000000004,13.078815729166667
442,2022-05-16 20:00:00+00:00,19.033329166666665,20.809086363636364,86.67475000000002,2518.4054463636367,1.9055791666666664,96.66416333333332,0.1625508333333333,0,7.8165000000000004,13.078815729166667
443,2022-05-16 21:00:00+00:00,18.124996666666664,20.199995384615384,87.64150000000001,2518.8977007692306,1.8163609090909087,96.68,0.16192,0,7.8165000000000004,13.078815729166667
444,2022-05-16 22:00:00+00:00,16.83332916666667,19.20832916666667,88.19991666666667,2519.83168,1.6888308333333333,96.685,0.163915,0,7.8165000000000004,13.078815729166667
445,2022-05-16 23:00:00+00:00,15.733329166666666,18.449995,89.40825,2521.13997,1.5966625,96.67833083333332,0.16312,0,7.8165000000000004,13.078815729166667
446,2022-05-17 00:00:00+00:00,15.849991666666668,18.19999545454545,91.76641666666666,2521.8518018181817,1.6504991666666669,96.66333083333336,0.1636891666666666,0,9.139299999999999,14.09062076388889
447,2022-05-17 01:00:00+00:00,16.08333,18.123075384615387,90.76650000000001,2521.9553923076924,1.6579983333333337,96.6341575,0.1635266666666666,0,9.139299999999999,14.09062076388889
448,2022-05-17 02:00:00+00:00,16.233327499999998,17.97272272727273,90.42466666666668,2521.649965454545,1.66633,96.624995,0.162735,0,9.139299999999999,14.09062076388889
449,2022-05-17 03:00:00+00:00,16.599995833333335,17.92307153846154,91.6165,2521.4115215384613,1.7294141666666667,96.62916,0.1635066666666666,0,9.139299999999999,14.09062076388889
450,2022-05-17 04:00:00+00:00,17.633330833333332,18.2249975,92.84966666666668,2519.4716350000003,1.8710825,96.64999666666668,0.1623258333333333,1,9.139299999999999,14.09062076388889
451,2022-05-17 05:00:00+00:00,18.41666333333333,18.581814545454545,93.77491666666667,2517.350892727273,2.1073316666666666,96.67916416666668,0.1634641666666666,1,9.139299999999999,14.09062076388889
452,2022-05-17 06:00:00+00:00,20.858328333333333,19.724998333333332,95.80816666666668,2531.9500075,2.361079166666667,96.69,0.1636491666666666,1,9.139299999999999,14.09062076388889
453,2022-05-17 07:00:00+00:00,22.291661666666663,20.27691846153846,83.10783333333333,2554.4530830769227,2.2353275,96.68416666666668,0.164585,2,9.139299999999999,14.09062076388889
454,2022-05-17 08:00:00+00:00,23.19166333333333,20.881814545454542,75.36658333333334,2560.4145245454547,2.24483,96.66332916666666,0.1634475,0,9.139299999999999,14.09062076388889
455,2022-05-17 09:00:00+00:00,24.499996666666664,21.699996666666667,70.35833333333333,2543.5824941666665,2.16341,96.62916083333334,0.162245,0,9.139299999999999,14.09062076388889
456,2022-05-17 10:00:00+00:00,26.349995000000003,22.841661666666667,65.69166666666668,2540.153315833333,2.254160833333333,96.59082833333332,0.164055,0,9.139299999999999,14.09062076388889
457,2022-05-17 11:00:00+00:00,27.8833275,23.87499833333333,57.849916666666665,2534.6274783333333,2.305660833333333,96.53333,0.1630391666666666,0,9.139299999999999,14.09062076388889
458,2022-05-17 12:00:00+00:00,28.416665,24.499995833333333,52.75825,2529.216669166666,2.2657475,96.47999500000002,0.1621441666666666,0,9.139299999999999,14.09062076388889
459,2022-05-17 13:00:00+00:00,28.6666625,24.866656666666668,49.80808333333333,2529.075800833333,2.037665833333333,96.43083,0.1620433333333333,0,9.139299999999999,14.09062076388889
460,2022-05-17 14:00:00+00:00,27.98333,24.841656666666665,52.599833333333336,2523.2074933333333,1.9856641666666668,96.38499166666668,0.16129,0,9.139299999999999,14.09062076388889
461,2022-05-17 15:00:00+00:00,27.641661666666668,24.59166583333333,53.533166666666666,2522.8116416666667,2.1973291666666666,96.36249916666668,0.1622875,0,9.139299999999999,14.09062076388889
462,2022-05-17 16:00:00+00:00,26.30833,24.32499583333333,56.741416666666666,2516.3199633333334,2.0239125,96.354995,0.1631808333333333,0,9.139299999999999,14.09062076388889
463,2022-05-17 17:00:00+00:00,24.816660833333334,23.80768769230769,57.94133333333333,2507.186144615385,1.814415,96.37249666666668,0.1632625,0,9.139299999999999,14.09062076388889
464,2022-05-17 18:00:00+00:00,23.42499666666667,23.32726909090909,70.57458333333332,2517.581827272727,2.0909133333333334,96.40833,0.1624691666666666,0,9.139299999999999,14.09062076388889
465,2022-05-17 19:00:00+00:00,21.29999583333333,22.54999583333333,78.20808333333335,2510.6666816666666,2.0940808333333334,96.45416166666666,0.1627541666666666,0,9.139299999999999,14.09062076388889
466,2022-05-17 20:00:00+00:00,19.53333,21.549995,83.23316666666668,2510.8399825,1.8893308333333327,96.51332833333332,0.1632241666666666,0,9.139299999999999,14.09062076388889
467,2022-05-17 21:00:00+00:00,18.3083275,20.746150769230766,85.29133333333333,2511.665373076923,1.7941650000000002,96.54666583333334,0.1640366666666666,0,9.139299999999999,14.09062076388889
468,2022-05-17 22:00:00+00:00,17.016663333333334,19.809086363636364,86.56641666666665,2513.80184,1.6780816666666667,96.55582833333334,0.1630391666666666,0,9.139299999999999,14.09062076388889
469,2022-05-17 23:00:00+00:00,16.066663333333334,18.930765384615384,88.83333333333333,2514.913833846154,1.6211633333333333,96.56832333333334,0.1643008333333333,0,9.139299999999999,14.09062076388889
470,2022-05-18 00:00:00+00:00,15.5416625,18.349995,91.04983333333334,2517.185826666667,1.6071625,96.5841625,0.1627333333333333,0,9.232899999999997,14.528752547348482
471,2022-05-18 01:00:00+00:00,16.033327500000002,18.39090545454545,90.17466666666665,2517.773611818181,1.6424975,96.60749666666668,0.1635483333333333,0,9.232899999999997,14.528752547348482
472,2022-05-18 02:00:00+00:00,16.016663333333334,18.18461230769231,91.18333333333334,2517.943860769231,1.65958,96.63499583333332,0.162735,0,9.232899999999997,14.528752547348482
473,2022-05-18 03:00:00+00:00,16.35833166666667,18.058331666666668,91.97475,2517.903335,1.7110816666666666,96.66916416666668,0.1640766666666666,0,9.232899999999997,14.528752547348482
474,2022-05-18 04:00:00+00:00,17.599995833333335,18.345446363636366,91.94991666666668,2516.932680909091,1.8497466666666669,96.70499666666666,0.1637525,0,9.232899999999997,14.528752547348482
475,2022-05-18 05:00:00+00:00,18.349996666666662,18.730766923076924,93.2915,2515.186162307692,2.116496666666667,96.75582833333334,0.1634258333333333,1,9.232899999999997,14.528752547348482
476,2022-05-18 06:00:00+00:00,20.6666625,19.74545181818182,94.56658333333333,2532.529071818182,2.3020775,96.7525,0.1637716666666666,1,9.232899999999997,14.528752547348482
477,2022-05-18 07:00:00+00:00,22.33333,20.40768923076923,80.78316666666666,2551.338467692308,2.1769108333333334,96.73999,0.1632433333333333,1,9.232899999999997,14.528752547348482
478,2022-05-18 08:00:00+00:00,24.0333275,21.172722727272728,68.31641666666667,2554.135448181818,2.516815,96.72582916666666,0.1629983333333333,0,9.232899999999997,14.528752547348482
479,2022-05-18 09:00:00+00:00,25.94999583333333,22.33845692307693,66.54141666666668,2540.031526923077,2.238913333333333,96.68832833333332,0.16318,0,9.232899999999997,14.528752547348482
480,2022-05-18 10:00:00+00:00,27.65833166666667,23.781814545454548,62.59975,2533.559966363636,2.319828333333333,96.63416333333332,0.1623066666666666,0,9.232899999999997,14.528752547348482
481,2022-05-18 11:00:00+00:00,28.624995833333333,24.841663333333333,58.10799999999999,2526.885858333333,2.313660833333333,96.58916083333334,0.1626933333333333,0,9.232899999999997,14.528752547348482
482,2022-05-18 12:00:00+00:00,29.141661666666668,25.49999692307692,57.42491666666667,2520.769976923077,2.320160833333333,96.55249583333334,0.1633441666666666,0,9.232899999999997,14.528752547348482
483,2022-05-18 13:00:00+00:00,29.058333333333334,25.772720000000003,55.06641666666666,2521.21544,2.3414958333333336,96.52499416666669,0.1624891666666666,0,9.232899999999997,14.528752547348482
484,2022-05-18 14:00:00+00:00,28.908325833333333,25.62307692307693,56.457833333333326,2521.656922307692,2.3011625,96.48416333333334,0.163325,0,9.232899999999997,14.528752547348482
485,2022-05-18 15:00:00+00:00,28.033329166666665,25.333326666666665,59.899583333333325,2516.8933066666664,2.2696633333333334,96.44416083333334,0.1627741666666666,0,9.232899999999997,14.528752547348482
486,2022-05-18 16:00:00+00:00,26.908330000000003,25.06363545454545,58.29133333333333,2514.806325454545,2.3012475,96.4325,0.1637427272727272,0,9.232899999999997,14.528752547348482
487,2022-05-18 17:00:00+00:00,25.558329166666667,24.61666083333333,56.757999999999996,2516.4574566666665,1.8571625,96.43416666666668,0.1627341666666666,0,9.232899999999997,14.528752547348482
488,2022-05-18 18:00:00+00:00,23.874997500000003,23.91666333333333,70.38316666666667,2507.5891675,2.2471616666666665,96.4458275,0.1622658333333333,0,9.232899999999997,14.528752547348482
489,2022-05-18 19:00:00+00:00,21.70833,23.00768846153846,78.04975,2506.7268976923074,2.3129975000000003,96.46416083333334,0.1629583333333333,0,9.232899999999997,14.528752547348482
490,2022-05-18 20:00:00+00:00,19.849995,21.999995454545456,82.79158333333334,2507.289969090909,1.914165,96.51916416666668,0.1626116666666666,0,9.232899999999997,14.528752547348482
491,2022-05-18 21:00:00+00:00,18.68181363636364,21.266661666666668,86.24149999999999,2508.0141758333334,1.8597491666666668,96.558325,0.1629575,0,9.232899999999997,14.528752547348482
492,2022-05-18 22:00:00+00:00,17.774999166666667,20.46666083333333,88.42491666666668,2509.5866641666667,1.79858,96.57666333333331,0.1627733333333333,0,9.232899999999997,14.528752547348482
493,2022-05-18 23:00:00+00:00,17.224995833333335,19.899996666666667,89.17491666666668,2510.6383016666664,1.7516666666666667,96.61166416666669,0.1635883333333333,0,9.232899999999997,14.528752547348482
494,2022-05-19 00:00:00+00:00,16.391663333333334,19.158329166666665,91.0915,2511.831640833333,1.6976633333333335,96.61749916666668,0.1628358333333333,0,8.1616,14.451100943813127
495,2022-05-19 01:00:00+00:00,15.849995833333333,18.58332916666667,92.033,2512.9974741666665,1.657495,96.63749166666668,0.163385,0,8.1616,14.451100943813127
496,2022-05-19 02:00:00+00:00,15.524998333333334,18.149998333333333,93.02475,2513.77905,1.637540909090909,96.64416166666666,0.1626333333333333,0,8.1616,14.451100943813127
497,2022-05-19 03:00:00+00:00,16.174995,18.13332833333333,94.83325,2513.7192116666665,1.74483,96.6674975,0.16318,0,8.1616,14.451100943813127
498,2022-05-19 04:00:00+00:00,17.58333083333333,18.566665,93.83283333333333,2513.026628333333,1.8851658333333332,96.7041625,0.162755,0,8.1616,14.451100943813127
499,2022-05-19 05:00:00+00:00,19.209087272727277,19.283329166666665,97.04975,2510.189125,2.312996666666667,96.76665916666668,0.1641366666666666,1,8.1616,14.451100943813127
500,2022-05-19 06:00:00+00:00,21.999995,20.5166625,95.49975,2529.736668333333,2.5228291666666665,96.79499833333334,0.1638958333333333,1,8.1616,14.451100943813127
501,2022-05-19 07:00:00+00:00,23.233329166666667,20.983329166666667,80.11658333333332,2551.988336666667,2.2787466666666667,96.80666,0.1635066666666666,1,8.1616,14.451100943813127
502,2022-05-19 08:00:00+00:00,24.45833083333333,21.708326666666665,66.05816666666668,2558.50502,2.225665,96.815825,0.1644624999999999,0,8.1616,14.451100943813127
503,2022-05-19 09:00:00+00:00,25.841661666666667,22.61666333333333,64.12474999999999,2542.6008450000004,2.4854133333333333,96.79832833333334,0.1639358333333333,0,8.1616,14.451100943813127
504,2022-05-19 10:00:00+00:00,27.358330833333337,23.94999583333333,59.6915,2542.034175,2.2996641666666666,96.77499583333334,0.162205,0,8.1616,14.451100943813127
505,2022-05-19 11:00:00+00:00,28.333325833333333,24.974995000000003,54.0915,2534.8024658333334,2.306328333333333,96.72582916666666,0.1630391666666666,0,8.1616,14.451100943813127
506,2022-05-19 12:00:00+00:00,28.891665,25.84615153846154,45.21658333333333,2529.084617692308,1.8349966666666668,96.68666583333334,0.1612883333333333,0,8.1616,14.451100943813127
507,2022-05-19 13:00:00+00:00,28.224996666666662,25.881814545454542,44.499916666666664,2528.8791027272728,1.70383,96.692495,0.1619391666666666,0,8.1616,14.451100943813127
508,2022-05-19 14:00:00+00:00,26.13333,24.95832833333333,48.024833333333326,2514.1724608333334,1.6247483333333337,96.70416333333333,0.1628318181818182,0,8.1616,14.451100943813127
509,2022-05-19 15:00:00+00:00,25.00908454545454,24.24166166666667,62.509,2518.8436345454543,2.0999966666666667,96.737495,0.1621433333333333,0,8.1616,14.451100943813127
510,2022-05-19 16:00:00+00:00,26.16666,24.53333166666667,49.3915,2522.030799166667,1.6741633333333334,96.72249916666668,0.1619608333333333,0,8.1616,14.451100943813127
511,2022-05-19 17:00:00+00:00,25.916665,24.36666333333333,55.4415,2530.44246,1.851748333333333,96.72666583333334,0.1622058333333333,0,8.1616,14.451100943813127
512,2022-05-19 18:00:00+00:00,24.16666083333333,23.733328333333333,71.2665,2516.3366266666667,2.2507441666666668,96.7591625,0.1628158333333333,0,8.1616,14.451100943813127
513,2022-05-19 19:00:00+00:00,21.433331666666664,22.7666625,79.75816666666667,2514.7575208333333,2.348830833333333,96.7974975,0.1632025,0,8.1616,14.451100943813127
514,2022-05-19 20:00:00+00:00,20.18332833333333,22.04999583333333,80.72491666666667,2514.66835,1.9074166666666663,96.820825,0.162795,0,8.1616,14.451100943813127
515,2022-05-19 21:00:00+00:00,19.266661666666668,21.383329166666663,86.63308333333333,2515.659195,1.9338308333333332,96.8591625,0.16365,0,8.1616,14.451100943813127
516,2022-05-19 22:00:00+00:00,18.5999975,20.883326666666665,89.1915,2516.054135,1.9095808333333333,96.8741625,0.1633458333333333,0,8.1616,14.451100943813127
517,2022-05-19 23:00:00+00:00,18.0749975,20.47499583333333,90.15808333333334,2516.6166741666666,1.8684166666666664,96.87749333333332,0.1631,0,8.1616,14.451100943813127
518,2022-05-20 00:00:00+00:00,17.6749975,20.058331666666668,91.47483333333334,2517.061640833333,1.8497466666666669,96.89666333333334,0.1633241666666666,0,8.8503,14.696959305555552
519,2022-05-20 01:00:00+00:00,17.449994166666666,19.70832916666667,91.6915,2517.73669,1.8270808333333333,96.88332916666668,0.164035,0,8.8503,14.696959305555552
520,2022-05-20 02:00:00+00:00,16.9666625,19.283328333333333,91.3165,2518.008316666667,1.7633325,96.86416666666668,0.16365,0,8.8503,14.696959305555552
521,2022-05-20 03:00:00+00:00,16.683328333333332,18.86666083333333,92.84975,2517.8791858333334,1.7629141666666666,96.854995,0.1629566666666666,0,8.8503,14.696959305555552
522,2022-05-20 04:00:00+00:00,17.749999166666665,19.008331666666667,93.15825,2517.670833333333,1.8924125,96.85416083333332,0.1635483333333333,0,8.8503,14.696959305555552
523,2022-05-20 05:00:00+00:00,18.641661666666668,19.349996666666662,94.98308333333334,2515.9591616666667,2.1560791666666668,96.87333,0.1641991666666666,1,8.8503,14.696959305555552
524,2022-05-20 06:00:00+00:00,21.45833,20.42499583333333,95.05,2529.5016641666666,2.4253291666666668,96.86166083333336,0.1644033333333333,1,8.8503,14.696959305555552
525,2022-05-20 07:00:00+00:00,23.04545,21.04166083333333,74.44975000000001,2551.2299766666665,2.3965758333333333,96.84582333333331,0.1647190909090909,0,8.8503,14.696959305555552
526,2022-05-20 08:00:00+00:00,24.1166625,21.718178181818185,67.09141666666666,2551.71248,2.291080833333333,96.81999272727272,0.1641366666666666,0,8.8503,14.696959305555552
527,2022-05-20 09:00:00+00:00,24.79166333333333,22.183331666666664,66.958,2538.124160833333,2.3341641666666666,96.76583,0.1632424999999999,0,8.8503,14.696959305555552
528,2022-05-20 10:00:00+00:00,27.29999583333333,23.3916625,61.59166666666667,2536.5791191666667,2.298995,96.69249416666668,0.1619408333333333,0,8.8503,14.696959305555552
529,2022-05-20 11:00:00+00:00,28.741664166666663,24.73333,56.17491666666666,2530.0424958333333,2.2294116666666666,96.60916166666668,0.1624083333333333,0,8.8503,14.696959305555552
530,2022-05-20 12:00:00+00:00,29.39166416666667,25.699994166666663,50.77491666666667,2521.169999166667,2.1843275,96.51583,0.1619408333333333,0,8.8503,14.696959305555552
531,2022-05-20 13:00:00+00:00,29.766660833333333,26.4749975,43.38316666666666,2515.352534166667,1.814498333333333,96.4533275,0.1624891666666666,0,8.8503,14.696959305555552
532,2022-05-20 14:00:00+00:00,29.749996666666664,26.525,41.50816666666666,2511.1332975,1.73633,96.3933275,0.1620616666666666,0,8.8503,14.696959305555552
533,2022-05-20 15:00:00+00:00,28.766663333333337,26.16666333333333,39.874833333333335,2506.19665,1.5802466666666666,96.42999916666668,0.1615341666666666,0,8.8503,14.696959305555552
534,2022-05-20 16:00:00+00:00,27.5916625,25.749993333333336,37.04141666666666,2491.7041783333334,1.3671625,96.46416083333334,0.16249,0,8.8503,14.696959305555552
535,2022-05-20 17:00:00+00:00,26.658330000000003,25.266665,38.90816666666667,2507.478348333333,1.3586616666666669,96.48749833333332,0.1618191666666666,0,8.8503,14.696959305555552
536,2022-05-20 18:00:00+00:00,25.008329166666663,24.5416625,44.89991666666666,2493.0649975,1.4174983333333333,96.54666,0.1626725,0,8.8503,14.696959305555552
537,2022-05-20 19:00:00+00:00,23.2666625,23.716663333333333,68.57483333333333,2491.0291116666667,2.109414166666667,96.61166166666668,0.1615341666666666,0,8.8503,14.696959305555552
538,2022-05-20 20:00:00+00:00,21.9666625,23.22499583333333,77.01666666666668,2490.416643333333,2.3156625,96.68582666666669,0.1640166666666666,0,8.8503,14.696959305555552
539,2022-05-20 21:00:00+00:00,21.491664166666663,22.899995,78.31658333333334,2489.7991283333336,2.199415,96.71416166666668,0.1621225,0,8.8503,14.696959305555552
540,2022-05-20 22:00:00+00:00,20.924993333333333,22.541665,80.44141666666667,2489.0041666666666,2.0629133333333334,96.73499333333336,0.1638541666666666,0,8.8503,14.696959305555552
541,2022-05-20 23:00:00+00:00,20.883325,22.341656666666665,82.66666666666667,2488.4700058333333,2.3869116666666668,96.75333,0.1635075,0,8.8503,14.696959305555552
542,2022-05-21 00:00:00+00:00,20.53333,22.00833083333333,84.39975,2487.5224775,2.4370791666666665,96.79166166666666,0.1641591666666666,0,11.154699999999998,14.975046291035353
543,2022-05-21 01:00:00+00:00,19.249996666666668,21.291664166666667,88.06658333333334,2487.0499841666665,1.9628316666666663,96.787495,0.1631,0,11.154699999999998,14.975046291035353
544,2022-05-21 02:00:00+00:00,18.57499583333333,20.80832833333333,90.52483333333332,2487.317520833333,1.9352483333333328,96.77915666666668,0.163325,0,11.154699999999998,14.975046291035353
545,2022-05-21 03:00:00+00:00,18.1999975,20.4666625,93.20825,2487.383316666667,1.94683,96.79082833333332,0.1638741666666666,0,11.154699999999998,14.975046291035353
546,2022-05-21 04:00:00+00:00,18.45832916666667,20.30832333333333,94.72483333333334,2487.3358325,2.1972475,96.79999916666668,0.1636483333333333,0,11.154699999999998,14.975046291035353
547,2022-05-21 05:00:00+00:00,19.341664166666668,20.50832833333333,96.32466666666666,2486.6241216666667,2.342495,96.794165,0.16422,0,11.154699999999998,14.975046291035353
548,2022-05-21 06:00:00+00:00,21.574995,21.29166333333333,96.59983333333332,2484.5574708333334,2.4879125,96.794165,0.1636891666666666,0,11.154699999999998,14.975046291035353
549,2022-05-21 07:00:00+00:00,23.308328333333336,21.84999583333333,79.12475,2515.1616575000003,2.266089090909091,96.777495,0.1644033333333333,0,11.154699999999998,14.975046291035353
550,2022-05-21 08:00:00+00:00,24.758329166666663,22.4499975,67.55808333333334,2530.3716391666667,2.4724150000000003,96.74082916666669,0.163405,0,11.154699999999998,14.975046291035353
551,2022-05-21 09:00:00+00:00,25.983328333333333,23.158328333333333,62.14983333333334,2517.661658333333,2.3456566666666667,96.68832916666668,0.1634675,0,11.154699999999998,14.975046291035353
552,2022-05-21 10:00:00+00:00,26.974996666666662,23.99166333333333,59.0415,2515.461645833333,2.2884108333333333,96.64416083333332,0.161555,0,11.154699999999998,14.975046291035353
553,2022-05-21 11:00:00+00:00,28.09166583333333,24.874997500000003,54.382999999999996,2512.6441416666667,2.3459141666666667,96.61249583333334,0.1621825,0,11.154699999999998,14.975046291035353
554,2022-05-21 12:00:00+00:00,28.358329166666667,25.4666625,52.53291666666667,2507.6924808333333,2.1576641666666667,96.5799925,0.1625925,0,11.154699999999998,14.975046291035353
555,2022-05-21 13:00:00+00:00,28.949995,25.699998333333337,60.50833333333333,2507.6999675,2.415995,96.55499583333334,0.1637933333333333,0,11.154699999999998,14.975046291035353
556,2022-05-21 14:00:00+00:00,28.66666,25.62499916666667,58.558,2505.990005,2.300829166666667,96.50916166666669,0.1625508333333333,0,11.154699999999998,14.975046291035353
557,2022-05-21 15:00:00+00:00,28.508329166666663,25.466663333333333,58.316250000000004,2506.3266758333334,2.2699116666666668,96.44333166666668,0.16316,0,11.154699999999998,14.975046291035353
558,2022-05-21 16:00:00+00:00,27.48333,25.30832666666667,52.74983333333333,2504.5899825,2.0113291666666666,96.3966625,0.1629983333333333,0,11.154699999999998,14.975046291035353
559,2022-05-21 17:00:00+00:00,25.9083275,24.66666333333333,60.77475,2506.300798333333,2.339080833333333,96.35082666666666,0.1626316666666666,0,11.154699999999998,14.975046291035353
560,2022-05-21 18:00:00+00:00,24.21666083333333,23.941661666666665,73.19983333333333,2494.282466666667,2.2080800000000003,96.33915833333332,0.1627758333333333,0,11.154699999999998,14.975046291035353
561,2022-05-21 19:00:00+00:00,22.08332916666667,23.19999583333333,78.95808333333333,2492.426670833333,2.3654125,96.35499416666666,0.1643825,0,11.154699999999998,14.975046291035353
562,2022-05-21 20:00:00+00:00,20.15454181818182,22.283329166666665,81.82727272727273,2492.4624783333334,1.9315808333333333,96.3783275,0.1636291666666666,0,11.154699999999998,14.975046291035353
563,2022-05-21 21:00:00+00:00,18.966663333333333,21.224996666666662,85.80816666666666,2493.6874958333333,1.8808308333333332,96.38582333333332,0.1633433333333333,0,11.154699999999998,14.975046291035353
564,2022-05-21 22:00:00+00:00,17.9583275,20.45832916666667,87.18308333333334,2494.899185,1.7941641666666666,96.37666,0.1617775,0,11.154699999999998,14.975046291035353
565,2022-05-21 23:00:00+00:00,17.016660833333333,19.841664166666668,88.59158333333333,2496.0499841666665,1.7166641666666669,96.3316575,0.1629791666666666,0,11.154699999999998,14.975046291035353
566,2022-05-22 00:00:00+00:00,16.224994166666665,19.433329166666667,90.1415,2496.9599983333333,1.6615,96.29181454545454,0.163325,0,14.1264,14.495343203914139
567,2022-05-22 01:00:00+00:00,15.649995833333334,18.92499583333333,90.99141666666668,2498.0225175,1.6149125,96.26332916666668,0.1644241666666666,0,14.1264,14.495343203914139
568,2022-05-22 02:00:00+00:00,15.224994166666669,18.28333,92.04958333333332,2499.0308375,1.5915791666666663,96.23583,0.1623258333333333,0,14.1264,14.495343203914139
569,2022-05-22 03:00:00+00:00,16.316664166666666,18.1833275,94.25825,2500.064163333333,1.75033,96.19749666666668,0.1637708333333333,0,14.1264,14.495343203914139
570,2022-05-22 04:00:00+00:00,17.766659999999998,18.783326666666667,92.7165,2499.3783125,1.8839983333333332,96.14916166666669,0.1641175,0,14.1264,14.495343203914139
571,2022-05-22 05:00:00+00:00,18.066660833333334,18.99999545454545,93.77254545454544,2497.333348333333,2.045581666666666,96.13544545454546,0.1639758333333333,1,14.1264,14.495343203914139
572,2022-05-22 06:00:00+00:00,20.55832833333333,19.9916625,98.17483333333332,2502.3416908333334,2.3779141666666668,96.13416,0.1635883333333333,1,14.1264,14.495343203914139
573,2022-05-22 07:00:00+00:00,22.299992727272727,20.54999666666667,85.04141666666666,2524.951655833333,2.335163333333333,96.12666333333334,0.1636091666666666,1,14.1264,14.495343203914139
574,2022-05-22 08:00:00+00:00,22.65833083333333,20.908328333333333,79.37474999999999,2528.588314166667,2.2214925,96.12915916666668,0.1638325,0,14.1264,14.495343203914139
575,2022-05-22 09:00:00+00:00,24.0416625,21.574995,69.59133333333334,2524.7616325,2.3374941666666667,96.76665333333334,0.1630591666666666,0,14.1264,14.495343203914139
576,2022-05-22 10:00:00+00:00,24.5583325,22.09166583333333,65.67458333333333,2520.9083416666667,2.117915833333333,96.24082333333332,0.1634266666666666,0,14.1264,14.495343203914139
577,2022-05-22 11:00:00+00:00,25.358328333333333,22.64166,66.04975,2521.538305833333,2.3254125,95.91499583333332,0.1630583333333333,0,14.1264,14.495343203914139
578,2022-05-22 12:00:00+00:00,25.09999666666667,22.81665666666667,66.99158333333334,2514.3966816666666,2.2371616666666667,95.832495,0.1629983333333333,0,14.1264,14.495343203914139
579,2022-05-22 13:00:00+00:00,25.899996666666667,23.33333083333333,65.058,2519.2233225,2.218410833333333,95.75249666666669,0.1624908333333333,0,14.1264,14.495343203914139
580,2022-05-22 14:00:00+00:00,26.699996666666667,23.74166166666667,64.20816666666667,2515.6557991666664,2.2489958333333333,95.69249416666666,0.16251,0,14.1264,14.495343203914139
581,2022-05-22 15:00:00+00:00,25.574995,23.541664166666667,66.68324999999999,2512.150813333333,2.2559125,95.7083325,0.1626108333333333,0,14.1264,14.495343203914139
582,2022-05-22 16:00:00+00:00,23.9749975,23.08333333333333,80.99158333333332,2503.0924833333333,2.407995833333333,95.72499666666666,0.1638725,0,14.1264,14.495343203914139
583,2022-05-22 17:00:00+00:00,22.816665,22.7416625,83.43333333333334,2513.0941516666667,2.3173266666666668,95.55916333333332,0.1644441666666666,0,14.1264,14.495343203914139
584,2022-05-22 18:00:00+00:00,22.18333,22.42499666666667,86.85808333333333,2505.722528333333,2.3195783333333333,95.54499666666668,0.1639141666666666,0,14.1264,14.495343203914139
585,2022-05-22 19:00:00+00:00,21.0666625,21.94166333333333,88.30825,2503.6849733333333,2.204745,95.51416333333331,0.1636708333333333,0,14.1264,14.495343203914139
586,2022-05-22 20:00:00+00:00,19.9666625,21.45833083333333,89.5665,2503.157545833333,2.6455808333333333,95.5449975,0.1639341666666667,0,14.1264,14.495343203914139
587,2022-05-22 21:00:00+00:00,19.258329166666663,20.97499583333333,91.83308333333335,2503.4199983333333,2.48916,95.57666,0.1643208333333333,0,14.1264,14.495343203914139
588,2022-05-22 22:00:00+00:00,18.783329166666665,20.616664166666663,91.55816666666668,2503.520846666667,2.154915,95.48832916666667,0.1628966666666666,0,14.1264,14.495343203914139
589,2022-05-22 23:00:00+00:00,18.158331666666665,20.199996666666667,91.8415,2503.9616650000003,1.9119975,95.43499833333334,0.163365,0,14.1264,14.495343203914139
590,2022-05-23 00:00:00+00:00,17.891658333333332,19.89999333333333,93.39983333333333,2504.5041666666666,1.9131641666666663,95.40499833333332,0.1640766666666666,0,14.203,13.939648124999994
591,2022-05-23 01:00:00+00:00,17.53333,19.566666666666663,93.1665,2504.9266716666666,1.8644966666666667,95.39332916666666,0.1629983333333333,1,14.203,13.939648124999994
592,2022-05-23 02:00:00+00:00,17.48333,19.34999,94.69141666666665,2505.4199991666665,1.8873316666666664,95.37499166666667,0.1646675,1,14.203,13.939648124999994
593,2022-05-23 03:00:00+00:00,17.441660833333334,19.199998333333333,95.44166666666666,2505.5175116666665,1.8992441666666664,95.31916166666667,0.1643833333333333,1,14.203,13.939648124999994
594,2022-05-23 04:00:00+00:00,17.441660833333334,19.03333333333333,95.07491666666667,2505.282485,1.8911625,95.315825,0.163995,2,14.203,13.939648124999994
595,2022-05-23 05:00:00+00:00,18.08332833333333,19.15833083333333,96.71641666666666,2505.774185,2.1184983333333336,95.29833,0.1644425,2,14.203,13.939648124999994
596,2022-05-23 06:00:00+00:00,20.75833,20.19166333333333,97.94991666666668,2511.5750066666665,2.4013266666666664,95.23916416666668,0.16477,2,14.203,13.939648124999994
597,2022-05-23 07:00:00+00:00,22.69166416666667,20.89999583333333,88.39975,2530.828363333333,2.4345825,95.19499666666668,0.1647491666666666,3,14.203,13.939648124999994
598,2022-05-23 08:00:00+00:00,23.7416625,21.51666416666667,82.00824999999999,2537.908321666667,2.407163333333333,95.17666333333334,0.1642391666666666,3,14.203,13.939648124999994
599,2022-05-23 09:00:00+00:00,24.441665,22.066665,77.84133333333332,2532.0866650000003,2.3817475,95.2066625,0.1640575,0,14.203,13.939648124999994
600,2022-05-23 10:00:00+00:00,25.51666,22.933329166666667,65.5665,2524.924985,2.3055791666666665,95.15333,0.1627966666666666,0,14.203,13.939648124999994
601,2022-05-23 11:00:00+00:00,25.716664166666664,23.40833166666667,60.8665,2515.1200091666665,2.1727475000000003,95.48082166666669,0.1632016666666666,0,14.203,13.939648124999994
602,2022-05-23 12:00:00+00:00,25.399998333333333,23.199996666666667,75.05833333333332,2514.1758175,2.430495,95.2116575,0.1632633333333333,0,14.203,13.939648124999994
603,2022-05-23 13:00:00+00:00,23.841660833333336,22.7833275,79.17491666666666,2515.1441600000003,2.338578333333333,95.2508325,0.1629366666666666,0,14.203,13.939648124999994
604,2022-05-23 14:00:00+00:00,24.19166333333333,22.99999916666667,64.65816666666667,2512.6358191666664,1.9439975,95.39999333333331,0.16306,0,14.203,13.939648124999994
605,2022-05-23 15:00:00+00:00,23.97499833333333,22.84166,61.474916666666665,2514.7291425,1.9494141666666664,95.332495,0.1635275,0,14.203,13.939648124999994
606,2022-05-23 16:00:00+00:00,23.108329166666667,22.491664166666663,76.87475,2504.863296666667,2.169910833333333,95.1399925,0.1627541666666666,0,14.203,13.939648124999994
607,2022-05-23 17:00:00+00:00,21.47499333333333,21.97499583333333,77.76354545454545,2515.255,2.064330833333333,95.20082583333334,0.1630191666666666,0,14.203,13.939648124999994
608,2022-05-23 18:00:00+00:00,19.9583275,21.1916625,81.62474999999999,2509.130815,1.8984983333333332,95.24582833333334,0.1633209090909091,0,14.203,13.939648124999994
609,2022-05-23 19:00:00+00:00,18.70833083333333,20.53333,88.45808333333332,2508.4491341666667,1.9055791666666664,95.29583083333334,0.163345,0,14.203,13.939648124999994
610,2022-05-23 20:00:00+00:00,18.349990833333333,20.25832833333333,91.84966666666666,2508.648310833333,1.9354975,95.33166166666666,0.1643616666666666,0,14.203,13.939648124999994
611,2022-05-23 21:00:00+00:00,18.24166083333333,20.04999833333333,92.34133333333334,2508.8450058333333,1.9335,95.35332833333332,0.16308,0,14.203,13.939648124999994
612,2022-05-23 22:00:00+00:00,17.8999925,19.766660833333333,93.42491666666668,2509.29919,1.9130816666666668,95.35582916666668,0.1630991666666666,0,14.203,13.939648124999994
613,2022-05-23 23:00:00+00:00,17.699995,19.483329166666667,92.07475000000001,2510.059159166666,1.8625816666666664,95.33999583333332,0.1643008333333333,0,14.203,13.939648124999994
614,2022-05-24 00:00:00+00:00,17.1666625,19.141665,92.09958333333333,2510.1841575000003,1.8016625,95.33749333333331,0.1635691666666666,0,15.055799999999998,13.70102550189394
615,2022-05-24 01:00:00+00:00,16.858324166666666,18.858324166666662,93.66658333333334,2511.0408666666667,1.7980824999999998,95.32916,0.1641591666666666,0,15.055799999999998,13.70102550189394
616,2022-05-24 02:00:00+00:00,16.824991666666666,18.666666666666668,94.67458333333332,2511.0841641666666,1.8130816666666665,95.32582583333334,0.1640758333333333,0,15.055799999999998,13.70102550189394
617,2022-05-24 03:00:00+00:00,16.799996363636364,18.424994166666668,94.89081818181816,2511.1608425,1.81108,95.34749166666668,0.16371,1,15.055799999999998,13.70102550189394
618,2022-05-24 04:00:00+00:00,17.641666666666666,18.575,94.98325,2511.8024858333333,1.9134975,95.381665,0.1644841666666666,1,15.055799999999998,13.70102550189394
619,2022-05-24 05:00:00+00:00,18.06666333333333,18.718176363636363,95.49966666666668,2511.5883333333336,2.1877383333333333,95.4566625,0.1639333333333333,1,15.055799999999998,13.70102550189394
620,2022-05-24 06:00:00+00:00,17.833328333333334,18.56363545454545,92.8245,2509.964128333333,1.8935,95.55082916666667,0.1639325,2,15.055799999999998,13.70102550189394
621,2022-05-24 07:00:00+00:00,18.20833083333333,18.616666666666667,93.28333333333335,2533.8708058333336,1.9629975,95.62249583333332,0.1635066666666666,2,15.055799999999998,13.70102550189394
622,2022-05-24 08:00:00+00:00,18.666666666666668,18.7749925,93.56658333333331,2534.5449791666665,2.2993208333333333,95.66833083333334,0.162895,2,15.055799999999998,13.70102550189394
623,2022-05-24 09:00:00+00:00,19.14166416666667,18.91666333333333,95.09991666666666,2534.731664166666,2.2711625,95.68090727272728,0.1638333333333333,3,15.055799999999998,13.70102550189394
624,2022-05-24 10:00:00+00:00,20.974996666666662,19.6,88.39141666666667,2533.7108516666667,2.2679116666666665,95.67999916666668,0.1643608333333333,3,15.055799999999998,13.70102550189394
625,2022-05-24 11:00:00+00:00,20.999995833333333,19.741665,86.69141666666667,2531.9883175,2.487155833333333,95.669995,0.1644241666666666,3,15.055799999999998,13.70102550189394
626,2022-05-24 12:00:00+00:00,23.15833083333333,20.783329166666668,80.47466666666666,2528.760005,2.3519941666666666,95.6433275,0.1642791666666666,4,15.055799999999998,13.70102550189394
627,2022-05-24 13:00:00+00:00,23.6999975,21.308326666666662,74.90825,2524.340816666667,2.2681525,95.63082416666668,0.1634458333333333,0,15.055799999999998,13.70102550189394
628,2022-05-24 14:00:00+00:00,23.241659166666665,21.45832916666667,82.92458333333333,2526.9633325,2.3635775,95.61833333333334,0.1716474999999999,0,15.055799999999998,13.70102550189394
629,2022-05-24 15:00:00+00:00,23.14999583333333,21.641666666666666,79.22475000000001,2522.4049841666665,2.2909116666666667,95.6183325,0.1644433333333333,0,15.055799999999998,13.70102550189394
630,2022-05-24 16:00:00+00:00,21.916665,21.3166625,79.89158333333334,2520.3866725000003,2.2133291666666666,95.63999666666666,0.1651366666666666,0,15.055799999999998,13.70102550189394
631,2022-05-24 17:00:00+00:00,19.83332833333333,20.574994166666663,82.74150000000002,2512.5666466666667,1.9124991666666664,95.69665916666668,0.1654,0,15.055799999999998,13.70102550189394
632,2022-05-24 18:00:00+00:00,18.95832916666667,20.041664166666667,90.23283333333332,2512.233333333333,1.9759983333333333,95.71916333333331,0.16668,0,15.055799999999998,13.70102550189394
633,2022-05-24 19:00:00+00:00,18.109088181818183,19.474996666666662,89.81666666666666,2512.586685,1.8642491666666663,95.82082833333334,0.1667025,0,15.055799999999998,13.70102550189394
634,2022-05-24 20:00:00+00:00,16.8916625,18.683329166666667,89.85833333333333,2514.2359810000003,1.73062375,95.90833,0.1664175,0,15.055799999999998,13.70102550189394
635,2022-05-24 21:00:00+00:00,15.727270000000004,17.963632727272728,90.61781818181818,2515.198170909091,1.6211633333333333,95.9274975,0.1655033333333333,0,15.055799999999998,13.70102550189394
636,2022-05-24 22:00:00+00:00,15.833331666666666,17.75454090909091,94.97272727272727,2516.526666666666,1.7159972727272723,95.95916,0.1660716666666666,0,15.055799999999998,13.70102550189394
637,2022-05-24 23:00:00+00:00,15.841666666666669,17.699996000000002,92.8178181818182,2516.826974,1.669249166666667,95.95832333333334,0.1663175,0,15.055799999999998,13.70102550189394
638,2022-05-25 00:00:00+00:00,15.733330833333332,17.419995,95.3099,2517.042495,1.6979981818181815,95.96726909090908,0.1665808333333333,0,7.4754999999999985,12.71055201388889
639,2022-05-25 01:00:00+00:00,15.858333333333334,17.349996666666666,93.45824999999999,2516.7291625000003,1.6822959999999998,95.98083,0.1669058333333333,0,7.4754999999999985,12.71055201388889
640,2022-05-25 02:00:00+00:00,16.01666416666667,17.274993333333335,93.54983333333332,2516.4563390909093,1.7002483333333334,96.153315,0.1662533333333333,1,7.4754999999999985,12.71055201388889
641,2022-05-25 03:00:00+00:00,16.45833,17.29166,95.58324999999999,2516.1399891666665,1.7879158333333331,96.36665333333332,0.1667841666666666,1,7.4754999999999985,12.71055201388889
642,2022-05-25 04:00:00+00:00,17.508328333333335,17.658330833333334,94.84975,2514.971675,1.8956658333333332,96.874965,0.1661741666666666,1,7.4754999999999985,12.71055201388889
643,2022-05-25 05:00:00+00:00,17.7666625,17.833325833333333,92.99991666666668,2512.683325,1.961665,96.14333,0.1658266666666666,2,7.4754999999999985,12.71055201388889
644,2022-05-25 06:00:00+00:00,19.874995833333333,18.61666166666667,95.74966666666668,2522.2499758333333,2.2767483333333334,96.18249833333334,0.16599,2,7.4754999999999985,12.71055201388889
645,2022-05-25 07:00:00+00:00,21.408329166666665,19.216664166666668,82.16616666666667,2545.1108358333336,2.31533,96.21832916666666,0.164485,2,7.4754999999999985,12.71055201388889
646,2022-05-25 08:00:00+00:00,22.449996666666667,19.958326666666668,73.50833333333333,2543.9791416666667,2.213155833333333,96.24166333333334,0.1646058333333333,0,7.4754999999999985,12.71055201388889
647,2022-05-25 09:00:00+00:00,23.116664166666663,20.524995,67.44983333333333,2533.39001,2.0684141666666664,96.25666416666668,0.162755,0,7.4754999999999985,12.71055201388889
648,2022-05-25 10:00:00+00:00,24.22499583333333,21.391661666666664,58.20824999999999,2527.322504166667,1.7539125,96.26999083333334,0.1636708333333333,0,7.4754999999999985,12.71055201388889
649,2022-05-25 11:00:00+00:00,24.36666166666667,21.79999666666667,56.408,2518.94832,1.717414166666667,96.28082666666668,0.1633641666666666,0,7.4754999999999985,12.71055201388889
650,2022-05-25 12:00:00+00:00,25.55832833333333,22.591665000000003,49.93325,2517.9541766666666,1.6328291666666666,96.29,0.16251,0,7.4754999999999985,12.71055201388889
651,2022-05-25 13:00:00+00:00,25.08333,22.7166625,49.84991666666666,2518.681655833333,1.5861616666666667,96.2999975,0.1636291666666666,0,7.4754999999999985,12.71055201388889
652,2022-05-25 14:00:00+00:00,25.07499583333333,22.827264545454543,47.2165,2514.6624916666665,1.5022466666666665,96.30582833333334,0.1641183333333333,0,7.4754999999999985,12.71055201388889
653,2022-05-25 15:00:00+00:00,24.7666625,22.691665,46.19158333333333,2511.635004166667,1.4425825,96.31665833333334,0.1621633333333333,0,7.4754999999999985,12.71055201388889
654,2022-05-25 16:00:00+00:00,23.76666,22.274998333333333,62.049833333333325,2506.440831666667,1.9133308333333328,96.34082666666666,0.1631825,0,7.4754999999999985,12.71055201388889
655,2022-05-25 17:00:00+00:00,22.999995833333333,22.141665,69.74983333333333,2496.925836666667,2.1334158333333333,96.39583,0.1637716666666666,0,7.4754999999999985,12.71055201388889
656,2022-05-25 18:00:00+00:00,21.183330833333333,21.66666083333333,76.14158333333334,2494.365839166667,2.0076541666666667,96.47583000000002,0.1637125,0,7.4754999999999985,12.71055201388889
657,2022-05-25 19:00:00+00:00,18.42499583333333,20.43333,80.76641666666666,2493.955826666667,1.7104975,96.57499416666668,0.1631608333333333,0,7.4754999999999985,12.71055201388889
658,2022-05-25 20:00:00+00:00,16.53333,19.04999666666667,82.55825,2495.7575033333337,1.5508291666666667,96.68833,0.1636083333333333,0,7.4754999999999985,12.71055201388889
659,2022-05-25 21:00:00+00:00,15.241665833333334,18.166664166666667,88.07458333333335,2498.0708175,1.5239125,96.7374975,0.1650541666666666,0,7.4754999999999985,12.71055201388889
660,2022-05-25 22:00:00+00:00,15.999999166666669,18.20832833333333,87.02483333333333,2499.453324166667,1.5824966666666669,96.76749416666668,0.164585,0,7.4754999999999985,12.71055201388889
661,2022-05-25 23:00:00+00:00,16.11666166666667,18.02499583333333,86.58316666666667,2499.680821666667,1.5839958333333335,96.78999916666668,0.1644241666666666,0,7.4754999999999985,12.71055201388889
662,2022-05-26 00:00:00+00:00,16.0499975,17.824995833333332,86.29975,2499.525,1.5736625,96.795,0.164605,0,2.1202999999999994,12.737495694444444
663,2022-05-26 01:00:00+00:00,16.01666416666667,17.641665833333334,85.975,2499.3891758333334,1.5644958333333332,96.79666666666668,0.1645049999999999,0,2.1202999999999994,12.737495694444444
664,2022-05-26 02:00:00+00:00,15.816661666666668,17.374991666666666,86.66641666666666,2498.847528333333,1.5561641666666668,96.807495,0.164565,0,2.1202999999999994,12.737495694444444
665,2022-05-26 03:00:00+00:00,16.333328333333334,17.483329166666667,89.9165,2498.3816691666666,1.6699158333333333,96.8291625,0.163405,0,2.1202999999999994,12.737495694444444
666,2022-05-26 04:00:00+00:00,17.4416625,17.833325,89.1915,2497.4291933333334,1.7754133333333335,96.85916083333336,0.1644016666666666,1,2.1202999999999994,12.737495694444444
667,2022-05-26 05:00:00+00:00,17.891660833333333,18.09166666666667,90.77466666666668,2496.3291191666667,1.8599125,96.90415916666666,0.1662758333333333,1,2.1202999999999994,12.737495694444444
668,2022-05-26 06:00:00+00:00,19.499995,18.7333275,95.51641666666666,2500.1716466666667,2.2315808333333336,96.924995,0.1663358333333333,1,2.1202999999999994,12.737495694444444
669,2022-05-26 07:00:00+00:00,21.9833275,19.733329166666667,83.08333333333331,2528.4066525000003,2.22166,96.93083333333334,0.1643816666666666,2,2.1202999999999994,12.737495694444444
670,2022-05-26 08:00:00+00:00,23.08332916666667,20.499995,67.34983333333334,2534.03912,1.8999975,96.944995,0.1629175,0,2.1202999999999994,12.737495694444444
671,2022-05-26 09:00:00+00:00,23.916665,21.283331666666665,54.833083333333335,2520.6516675,1.6269941666666667,96.96833166666666,0.1631816666666666,0,2.1202999999999994,12.737495694444444
672,2022-05-26 10:00:00+00:00,24.524998333333333,21.874994166666667,53.42483333333333,2514.065831666667,1.6424983333333334,96.976665,0.1630591666666666,0,2.1202999999999994,12.737495694444444
673,2022-05-26 11:00:00+00:00,24.624996666666664,22.33332833333333,51.91641666666666,2508.4991808333334,1.6059983333333332,96.96249333333331,0.1632641666666666,0,2.1202999999999994,12.737495694444444
674,2022-05-26 12:00:00+00:00,24.824995,22.541664166666667,54.45825,2505.441625833333,1.7030816666666666,96.934995,0.16367,0,2.1202999999999994,12.737495694444444
675,2022-05-26 13:00:00+00:00,25.6166625,22.95832916666667,48.24166666666666,2513.4108025,1.5851633333333333,96.89416416666668,0.1619616666666666,0,2.1202999999999994,12.737495694444444
676,2022-05-26 14:00:00+00:00,25.758327500000004,23.10833333333333,49.21641666666667,2508.119156666666,1.6300800000000002,96.85082666666666,0.1620008333333333,0,2.1202999999999994,12.737495694444444
677,2022-05-26 15:00:00+00:00,24.999994166666667,22.874993333333336,50.4915,2503.1449358333334,1.5991625,96.83916,0.1632025,0,2.1202999999999994,12.737495694444444
678,2022-05-26 16:00:00+00:00,23.974995000000003,22.5833325,58.34133333333333,2500.5891675,1.7350816666666666,96.82165833333332,0.1622858333333333,0,2.1202999999999994,12.737495694444444
679,2022-05-26 17:00:00+00:00,23.49166166666667,22.466663333333333,64.96641666666667,2499.9866491666667,1.9263291666666664,96.824995,0.1637308333333333,0,2.1202999999999994,12.737495694444444
680,2022-05-26 18:00:00+00:00,22.349995000000003,22.24166,76.25816666666667,2496.3016716666666,2.285744166666667,96.82832833333332,0.1633441666666666,0,2.1202999999999994,12.737495694444444
681,2022-05-26 19:00:00+00:00,19.341661666666667,21.10833,79.42483333333334,2493.1583025,1.78125,96.87582916666668,0.1640966666666666,0,2.1202999999999994,12.737495694444444
682,2022-05-26 20:00:00+00:00,17.60833,19.97499583333333,84.12491666666666,2494.066665833333,1.6944125,96.944995,0.1637333333333333,0,2.1202999999999994,12.737495694444444
683,2022-05-26 21:00:00+00:00,16.299993333333333,19.14999583333333,86.29975,2496.068334166667,1.5978291666666669,96.98083083333334,0.16479,0,2.1202999999999994,12.737495694444444
684,2022-05-26 22:00:00+00:00,15.391663333333334,18.374996666666664,88.44958333333332,2497.8199833333333,1.5459133333333333,96.98999333333336,0.1644633333333333,0,2.1202999999999994,12.737495694444444
685,2022-05-26 23:00:00+00:00,16.058330833333333,18.2833275,87.87491666666666,2499.4649633333333,1.6009125,96.96166083333333,0.1635683333333333,0,2.1202999999999994,12.737495694444444
686,2022-05-27 00:00:00+00:00,16.108329166666667,18.108330833333333,86.9415,2499.750015833333,1.5903316666666667,96.93083333333334,0.1638733333333333,0,2.3915999999999986,13.09497721590909
687,2022-05-27 01:00:00+00:00,16.141663333333334,17.91666,86.96666666666667,2499.3200208333333,1.5953275,96.91916083333332,0.1648491666666666,0,2.3915999999999986,13.09497721590909
688,2022-05-27 02:00:00+00:00,16.0499975,17.73333,86.74974999999999,2499.234148333333,1.5825825,96.92333,0.1639558333333333,0,2.3915999999999986,13.09497721590909
689,2022-05-27 03:00:00+00:00,16.274995,17.658331666666665,88.86666666666666,2498.582515,1.6433308333333334,96.91582666666666,0.1655833333333333,0,2.3915999999999986,13.09497721590909
690,2022-05-27 04:00:00+00:00,17.374995000000002,17.97272272727273,89.825,2497.5350075,1.780665,96.92582916666667,0.165155,0,2.3915999999999986,13.09497721590909
691,2022-05-27 05:00:00+00:00,18.299996363636364,18.36363272727273,91.92709090909092,2496.2274741666665,1.9525825,96.94272272727272,0.165415,1,2.3915999999999986,13.09497721590909
692,2022-05-27 06:00:00+00:00,20.45832833333333,19.233328333333333,95.42483333333332,2517.245824166667,2.3649116666666665,96.9224975,0.1655216666666666,1,2.3915999999999986,13.09497721590909
693,2022-05-27 07:00:00+00:00,22.19999583333333,19.966663333333333,81.01658333333333,2535.5541933333334,2.166329166666667,96.90915916666668,0.164525,1,2.3915999999999986,13.09497721590909
694,2022-05-27 08:00:00+00:00,23.49166333333333,20.74544909090909,70.14150000000001,2544.3516391666667,2.10658,96.86453818181818,0.1642608333333333,0,2.3915999999999986,13.09497721590909
695,2022-05-27 09:00:00+00:00,24.39999916666667,21.47499583333333,59.718090909090904,2530.764175,1.8109958333333331,96.84332333333332,0.16255,0,2.3915999999999986,13.09497721590909
696,2022-05-27 10:00:00+00:00,25.20832833333333,22.349995,53.29991666666667,2525.548335,1.7089141666666663,96.81249666666668,0.162815,0,2.3915999999999986,13.09497721590909
697,2022-05-27 11:00:00+00:00,25.849995,22.966664166666664,51.50833333333333,2521.3258225,1.7149975,96.75999583333332,0.1615341666666666,0,2.3915999999999986,13.09497721590909
698,2022-05-27 12:00:00+00:00,26.449996666666667,23.6499925,50.51633333333333,2516.575026666667,1.7435816666666666,96.702495,0.1620216666666666,0,2.3915999999999986,13.09497721590909
699,2022-05-27 13:00:00+00:00,26.08332916666667,23.89999333333333,49.30825,2523.1475166666664,1.6659983333333337,96.66832833333336,0.16253,0,2.3915999999999986,13.09497721590909
700,2022-05-27 14:00:00+00:00,25.649995,23.699995,49.16658333333333,2515.7916425,1.6179941666666666,96.63916,0.1624083333333333,0,2.3915999999999986,13.09497721590909
701,2022-05-27 15:00:00+00:00,24.9666625,23.363632727272726,48.49125,2510.6716266666667,1.52845,96.60416250000002,0.1622666666666666,0,2.3915999999999986,13.09497721590909
702,2022-05-27 16:00:00+00:00,24.454541818181816,22.98333,49.70825,2508.9891190909093,1.521745,96.56908272727271,0.1630991666666666,0,2.3915999999999986,13.09497721590909
703,2022-05-27 17:00:00+00:00,23.783330000000003,22.73333,59.88291666666667,2503.1325025,1.760415,96.56499,0.1629783333333333,0,2.3915999999999986,13.09497721590909
704,2022-05-27 18:00:00+00:00,22.73333,22.54999833333333,75.66641666666666,2497.606664166666,2.338995833333333,96.59833,0.1635875,0,2.3915999999999986,13.09497721590909
705,2022-05-27 19:00:00+00:00,19.699996666666667,21.5499975,78.94983333333333,2496.9024616666666,1.8100808333333331,96.66332833333333,0.1645033333333333,0,2.3915999999999986,13.09497721590909
706,2022-05-27 20:00:00+00:00,17.841663333333333,20.29999666666667,84.36641666666667,2497.860835,1.7235825,96.71999666666666,0.165075,0,2.3915999999999986,13.09497721590909
707,2022-05-27 21:00:00+00:00,16.78333,19.55832833333333,87.18333333333334,2499.7266791666666,1.6649975,96.7324975,0.1649525,0,2.3915999999999986,13.09497721590909
708,2022-05-27 22:00:00+00:00,15.85833,18.83333083333333,87.5915,2501.0250183333333,1.5769125,96.72666416666668,0.1654,0,2.3915999999999986,13.09497721590909
709,2022-05-27 23:00:00+00:00,15.316661666666668,18.2833275,90.54141666666666,2502.6849733333333,1.5746616666666666,96.6741625,0.1664183333333333,0,2.3915999999999986,13.09497721590909
710,2022-05-28 00:00:00+00:00,15.624995833333337,18.2,94.05816666666666,2503.7916816666666,1.6699149999999998,96.60999416666668,0.1669266666666666,0,8.7859,12.363241207070711
711,2022-05-28 01:00:00+00:00,16.05,18.125,94.60816666666666,2504.2441583333334,1.7253299999999998,96.56499416666666,0.1671708333333333,0,8.7859,12.363241207070711
712,2022-05-28 02:00:00+00:00,16.108333333333334,17.966663333333333,94.40833333333332,2504.1066441666667,1.72883,96.512495,0.1661533333333333,0,8.7859,12.363241207070711
713,2022-05-28 03:00:00+00:00,16.383330833333336,17.883325833333334,95.86666666666667,2503.9791816666666,1.7863325,96.47833166666668,0.1662566666666667,0,8.7859,12.363241207070711
714,2022-05-28 04:00:00+00:00,17.549995833333334,18.24166333333333,94.45808333333332,2502.9500075,1.8954133333333327,96.49249583333334,0.1646475,0,8.7859,12.363241207070711
715,2022-05-28 05:00:00+00:00,18.874994166666667,18.741661666666666,94.65445454545454,2501.1158016666664,2.3884950000000003,96.50181727272728,0.1663158333333333,1,8.7859,12.363241207070711
716,2022-05-28 06:00:00+00:00,19.48333,19.041661666666663,92.42466666666668,2509.987465,2.4457475,96.50666416666668,0.1659708333333333,1,8.7859,12.363241207070711
717,2022-05-28 07:00:00+00:00,21.34999583333333,19.7583275,85.38333333333334,2537.878311666667,2.2369125000000003,96.47416333333337,0.1648308333333333,1,8.7859,12.363241207070711
718,2022-05-28 08:00:00+00:00,23.058330833333333,20.591663333333333,74.1165,2544.09169,2.174329166666667,96.429995,0.1643216666666666,0,8.7859,12.363241207070711
719,2022-05-28 09:00:00+00:00,23.88332833333333,21.258326666666665,60.858333333333334,2529.328305833333,1.7997466666666666,96.3841625,0.1638116666666666,0,8.7859,12.363241207070711
720,2022-05-28 10:00:00+00:00,24.533329166666665,21.858328333333333,56.21641666666667,2525.182491666667,1.8009991666666665,96.31999333333334,0.1631824999999999,0,8.7859,12.363241207070711
721,2022-05-28 11:00:00+00:00,23.874995833333333,22.20833,54.25816666666666,2520.840816666667,1.6057499999999998,96.262495,0.162735,0,8.7859,12.363241207070711
722,2022-05-28 12:00:00+00:00,23.75454363636364,22.190907272727276,56.174666666666674,2514.8108475,1.6514983333333333,96.19582833333334,0.1630191666666666,0,8.7859,12.363241207070711
723,2022-05-28 13:00:00+00:00,23.9583275,22.489997,52.28308333333334,2523.730019090909,1.555413333333333,96.13916,0.163425,0,8.7859,12.363241207070711
724,2022-05-28 14:00:00+00:00,23.64999583333333,22.466663333333333,49.23333333333333,2517.95272,1.426694,96.35542727272728,0.1631625,0,8.7859,12.363241207070711
725,2022-05-28 15:00:00+00:00,23.324996666666667,22.20833083333333,46.7915,2516.598323333333,1.33527,96.77498666666668,0.1633033333333333,0,8.7859,12.363241207070711
726,2022-05-28 16:00:00+00:00,23.499996,22.10833333333333,51.999833333333335,2512.7220150000003,1.508394,96.3749975,0.1631209090909091,0,8.7859,12.363241207070711
727,2022-05-28 17:00:00+00:00,23.229996,22.024999166666664,63.636272727272726,2511.5927245454545,1.87033,96.2749975,0.1629575,0,8.7859,12.363241207070711
728,2022-05-28 18:00:00+00:00,21.72499666666667,21.749995,74.23325,2504.300997,2.07309,96.30909090909093,0.1634875,0,8.7859,12.363241207070711
729,2022-05-28 19:00:00+00:00,19.39166,20.849995,78.99991666666666,2502.6381563636364,1.7775833333333333,96.325,0.1640775,0,8.7859,12.363241207070711
730,2022-05-28 20:00:00+00:00,17.2583275,19.7166625,84.32475,2503.709996666667,1.6600783333333335,96.34165666666668,0.1645258333333333,0,8.7859,12.363241207070711
731,2022-05-28 21:00:00+00:00,15.858329166666666,18.73333,85.94133333333333,2505.3058416666668,1.5472466666666669,95.97666333333336,0.1640575,0,8.7859,12.363241207070711
732,2022-05-28 22:00:00+00:00,15.433329166666669,18.133331666666667,89.29158333333334,2507.31333,1.5657466666666666,95.92416333333334,0.1661525,0,8.7859,12.363241207070711
733,2022-05-28 23:00:00+00:00,16.058330833333333,18.091665000000003,86.08325,2508.4383091666664,1.570580833333333,95.84749416666666,0.1630791666666666,0,8.7859,12.363241207070711
734,2022-05-29 00:00:00+00:00,16.02726909090909,17.86363181818182,85.79979999999999,2508.5857925,1.5657245454545454,95.80181272727272,0.164074,0,2.0734999999999992,12.18776104671717
735,2022-05-29 01:00:00+00:00,16.199996363636362,17.841661666666667,87.44983333333334,2508.4499883333333,1.6158136363636364,95.73582833333334,0.1646275,0,2.0734999999999992,12.18776104671717
736,2022-05-29 02:00:00+00:00,16.033326666666667,17.590906363636364,86.26336363636364,2507.859145833333,1.5706616666666668,95.6774975,0.1640983333333333,0,2.0734999999999992,12.18776104671717
737,2022-05-29 03:00:00+00:00,16.558329166666667,17.70832916666667,89.05,2507.0975091666664,1.6763291666666664,95.65583333333332,0.16479,0,2.0734999999999992,12.18776104671717
738,2022-05-29 04:00:00+00:00,17.349996666666666,17.959994000000002,89.92718181818181,2505.81331,1.78483,95.66249416666666,0.1643833333333333,0,2.0734999999999992,12.18776104671717
739,2022-05-29 05:00:00+00:00,17.699993636363637,18.1083325,89.80808333333333,2503.6516683333334,1.8140890909090908,95.67545,0.1643418181818181,1,2.0734999999999992,12.18776104671717
740,2022-05-29 06:00:00+00:00,19.22727,18.799994166666668,94.57491666666668,2511.5908366666667,2.1521754545454543,95.66666,0.1659475,1,2.0734999999999992,12.18776104671717
741,2022-05-29 07:00:00+00:00,21.566662500000003,19.66363363636364,80.54166666666667,2540.5241641666667,2.577804545454545,95.6641625,0.1645658333333333,1,2.0734999999999992,12.18776104671717
742,2022-05-29 08:00:00+00:00,22.091661666666667,19.866664166666663,67.1665,2553.605829166667,1.8785716666666668,95.65582916666666,0.1641791666666666,0,2.0734999999999992,12.18776104671717
743,2022-05-29 09:00:00+00:00,23.499996666666664,20.78333,55.099833333333336,2540.9250033333333,1.5941633333333334,95.62999333333336,0.1624275,0,2.0734999999999992,12.18776104671717
744,2022-05-29 10:00:00+00:00,22.65833166666667,20.691665,69.92474999999999,2530.4391825,2.1282466666666666,95.62166416666668,0.1643016666666666,0,2.0734999999999992,12.18776104671717
745,2022-05-29 11:00:00+00:00,23.55833,21.47499666666667,54.15816666666667,2531.645808333333,1.5733590909090909,95.59249166666666,0.1628158333333333,0,2.0734999999999992,12.18776104671717
746,2022-05-29 12:00:00+00:00,23.66666083333333,21.60908909090909,63.216499999999996,2526.5041266666667,1.9419966666666664,95.56332416666667,0.1618166666666666,0,2.0734999999999992,12.18776104671717
747,2022-05-29 13:00:00+00:00,22.849998,21.499996363636363,65.22727272727272,2534.733333333333,1.876415,95.53249583333331,0.1626327272727272,0,2.0734999999999992,12.18776104671717
748,2022-05-29 14:00:00+00:00,23.149999166666664,21.6999975,50.75791666666667,2532.994156666666,1.4355783333333332,95.50333333333332,0.1633841666666666,0,2.0734999999999992,12.18776104671717
749,2022-05-29 15:00:00+00:00,22.909084545454547,21.55,57.433,2531.332514166667,1.6033291666666667,95.48999181818182,0.1636291666666667,0,2.0734999999999992,12.18776104671717
750,2022-05-29 16:00:00+00:00,22.891660833333333,21.5,61.43291666666667,2533.041789090909,1.71233,95.48083166666667,0.1622458333333333,0,2.0734999999999992,12.18776104671717
751,2022-05-29 17:00:00+00:00,22.3583275,21.441661666666665,73.23325,2533.951810909091,2.1580733333333333,95.48332916666668,0.1630391666666666,0,2.0734999999999992,12.18776104671717
752,2022-05-29 18:00:00+00:00,20.18333,20.7416625,76.56658333333333,2525.2674733333333,1.807415,95.49833083333334,0.1640566666666666,0,2.0734999999999992,12.18776104671717
753,2022-05-29 19:00:00+00:00,17.183329166666667,19.33333,80.04158333333335,2525.2133125,1.5664975,95.50999916666667,0.1634658333333333,0,2.0734999999999992,12.18776104671717
754,2022-05-29 20:00:00+00:00,16.37272181818182,18.566664166666666,84.04141666666666,2527.0467041666666,1.5605783333333332,95.51249666666666,0.1647483333333333,0,2.0734999999999992,12.18776104671717
755,2022-05-29 21:00:00+00:00,16.33333,18.27499333333333,84.82475,2528.2616725000003,1.5732458333333332,95.49833,0.1649925,0,2.0734999999999992,12.18776104671717
756,2022-05-29 22:00:00+00:00,16.33333,18.10833166666667,85.64991666666666,2529.1116891666666,1.5899983333333332,95.4774975,0.1638949999999999,0,2.0734999999999992,12.18776104671717
757,2022-05-29 23:00:00+00:00,16.283329166666665,17.95832916666667,86.84150000000001,2529.4849625,1.6054966666666666,95.4591575,0.163935,0,2.0734999999999992,12.18776104671717
758,2022-05-30 00:00:00+00:00,16.20832916666667,17.791660833333335,87.29983333333334,2529.5958208333336,1.6067466666666668,95.42749666666668,0.1650941666666666,0,1.5817999999999994,
759,2022-05-30 01:00:00+00:00,16.008328333333335,17.541661666666666,86.52475000000001,2529.3524933333333,1.5724958333333332,95.40166666666669,0.164015,0,1.5817999999999994,
760,2022-05-30 02:00:00+00:00,16.016665,17.37499,86.47483333333334,2528.9649616666666,1.5730775,95.39833166666666,0.1649316666666666,0,1.5817999999999994,
761,2022-05-30 03:00:00+00:00,15.966664166666668,17.23333,86.00808333333333,2528.577510833333,1.5597475,95.40583083333333,0.1644225,0,1.5817999999999994,
762,2022-05-30 04:00:00+00:00,16.099992500000003,17.174998333333335,88.82483333333333,2527.8100325,1.6257483333333334,95.44082666666668,0.1643225,1,1.5817999999999994,
763,2022-05-30 05:00:00+00:00,17.83333,17.874994166666667,91.8,2526.9783275,1.8721625,95.46082833333332,0.1658266666666666,1,1.5817999999999994,
764,2022-05-30 06:00:00+00:00,18.61817545454545,18.258329166666663,91.20808333333332,2547.30082,2.0955445454545454,95.50332666666668,0.1648083333333333,1,1.5817999999999994,
765,2022-05-30 07:00:00+00:00,20.43636,18.7583325,85.33333333333334,2570.0941725,2.321395,95.52908272727272,0.1645441666666666,2,1.5817999999999994,
766,2022-05-30 08:00:00+00:00,21.86666333333333,19.54166333333333,74.7165,2582.0658125,2.032998333333333,95.53165916666669,0.1635483333333333,0,1.5817999999999994,
767,2022-05-30 09:00:00+00:00,22.266665,19.983329166666667,65.42491666666666,2567.6766316666667,1.7585783333333334,95.545,0.1633633333333333,0,1.5817999999999994,
768,2022-05-30 10:00:00+00:00,22.94999333333333,20.59999333333333,64.0915,2566.09747,1.7910808333333332,95.56082583333334,0.1632424999999999,0,1.5817999999999994,
769,2022-05-30 11:00:00+00:00,24.283330000000003,21.533330000000003,51.558249999999994,2563.1091475,1.5632458333333332,95.57582916666668,0.1619625,0,1.5817999999999994,
770,2022-05-30 12:00:00+00:00,24.608328333333333,22.19166333333333,45.01641666666667,2558.8800191666664,1.3928308333333332,95.56415666666668,0.1623675,0,1.5817999999999994,
771,2022-05-30 13:00:00+00:00,24.733328333333333,22.4249925,44.29983333333333,2559.2433416666668,1.3792458333333333,95.55499666666668,0.1626125,0,1.5817999999999994,
772,2022-05-30 14:00:00+00:00,24.58333,22.5,46.599916666666665,2549.87166,1.4386625000000002,95.52915916666667,0.1615741666666666,0,1.5817999999999994,
773,2022-05-30 15:00:00+00:00,24.283325833333333,22.4249925,45.749916666666664,2544.8591266666667,1.3875808333333337,95.53166,0.1633241666666666,0,1.5817999999999994,
774,2022-05-30 16:00:00+00:00,24.24166083333333,22.32499,52.39158333333334,2540.1491658333334,1.5845791666666666,95.51499583333332,0.1636916666666666,0,1.5817999999999994,
775,2022-05-30 17:00:00+00:00,23.866664166666663,22.29999,66.45824999999999,2532.4549925,2.071161666666667,95.5174925,0.1627741666666666,0,1.5817999999999994,
776,2022-05-30 18:00:00+00:00,21.72499583333333,21.874996666666664,74.81658333333333,2528.90367,2.05083,95.52832833333332,0.1634066666666666,0,1.5817999999999994,
777,2022-05-30 19:00:00+00:00,18.9166625,20.658329166666665,80.91641666666666,2529.5874983333333,1.7673308333333333,95.59249416666668,0.1650533333333333,0,1.5817999999999994,
778,2022-05-30 20:00:00+00:00,17.749995,19.949995,82.94975,2530.47998,1.6812475,95.6524975,0.16538,0,1.5817999999999994,
779,2022-05-30 21:00:00+00:00,,,,,,,,0,1.5817999999999994,
780,2022-05-30 22:00:00+00:00,,,,,,,,0,1.5817999999999994,
781,2022-05-30 23:00:00+00:00,,,,,,,,0,1.5817999999999994,
782,2022-05-31 00:00:00+00:00,,,,,,,,0,-0.3144999999999998,
783,2022-05-31 01:00:00+00:00,,,,,,,,0,-0.3144999999999998,
784,2022-05-31 02:00:00+00:00,,,,,,,,0,-0.3144999999999998,
785,2022-05-31 03:00:00+00:00,,,,,,,,0,-0.3144999999999998,
786,2022-05-31 04:00:00+00:00,,,,,,,,1,-0.3144999999999998,
787,2022-05-31 05:00:00+00:00,,,,,,,,1,-0.3144999999999998,
788,2022-05-31 06:00:00+00:00,,,,,,,,1,-0.3144999999999998,
789,2022-05-31 07:00:00+00:00,,,,,,,,2,-0.3144999999999998,
790,2022-05-31 08:00:00+00:00,,,,,,,,2,-0.3144999999999998,
791,2022-05-31 09:00:00+00:00,,,,,,,,2,-0.3144999999999998,
792,2022-05-31 10:00:00+00:00,,,,,,,,3,-0.3144999999999998,
793,2022-05-31 11:00:00+00:00,,,,,,,,3,-0.3144999999999998,
794,2022-05-31 12:00:00+00:00,,,,,,,,3,-0.3144999999999998,
795,2022-05-31 13:00:00+00:00,,,,,,,,4,-0.3144999999999998,
796,2022-05-31 14:00:00+00:00,,,,,,,,4,-0.3144999999999998,
797,2022-05-31 15:00:00+00:00,,,,,,,,4,-0.3144999999999998,
798,2022-05-31 16:00:00+00:00,,,,,,,,5,-0.3144999999999998,
799,2022-05-31 17:00:00+00:00,,,,,,,,5,-0.3144999999999998,
800,2022-05-31 18:00:00+00:00,,,,,,,,5,-0.3144999999999998,
801,2022-05-31 19:00:00+00:00,,,,,,,,6,-0.3144999999999998,
802,2022-05-31 20:00:00+00:00,,,,,,,,6,-0.3144999999999998,
803,2022-05-31 21:00:00+00:00,,,,,,,,6,-0.3144999999999998,
804,2022-05-31 22:00:00+00:00,,,,,,,,6,-0.3144999999999998,
805,2022-05-31 23:00:00+00:00,,,,,,,,6,-0.3144999999999998,
806,2022-06-01 00:00:00+00:00,,,,,,,,6,-0.3144999999999998,
807,2022-06-01 01:00:00+00:00,,,,,,,,6,-0.3144999999999998,
808,2022-06-01 02:00:00+00:00,,,,,,,,6,-0.3144999999999998,
809,2022-06-01 03:00:00+00:00,,,,,,,,6,-0.3144999999999998,
810,2022-06-01 04:00:00+00:00,,,,,,,,6,-0.3144999999999998,
811,2022-06-01 05:00:00+00:00,,,,,,,,6,-0.3144999999999998,
812,2022-06-01 06:00:00+00:00,,,,,,,,6,-0.3144999999999998,
813,2022-06-01 07:00:00+00:00,,,,,,,,6,-0.3144999999999998,
814,2022-06-01 08:00:00+00:00,,,,,,,,6,-0.3144999999999998,
815,2022-06-01 09:00:00+00:00,,,,,,,,6,-0.3144999999999998,
816,2022-06-01 10:00:00+00:00,,,,,,,,6,-0.3144999999999998,
817,2022-06-01 11:00:00+00:00,,,,,,,,6,-0.3144999999999998,
818,2022-06-01 12:00:00+00:00,,,,,,,,6,-0.3144999999999998,
819,2022-06-01 13:00:00+00:00,,,,,,,,6,-0.3144999999999998,
820,2022-06-01 14:00:00+00:00,,,,,,,,6,-0.3144999999999998,
821,2022-06-01 15:00:00+00:00,,,,,,,,6,-0.3144999999999998,
822,2022-06-01 16:00:00+00:00,,,,,,,,6,-0.3144999999999998,
823,2022-06-01 17:00:00+00:00,,,,,,,,6,-0.3144999999999998,
824,2022-06-01 18:00:00+00:00,,,,,,,,6,-0.3144999999999998,
825,2022-06-01 19:00:00+00:00,,,,,,,,6,-0.3144999999999998,
826,2022-06-01 20:00:00+00:00,,,,,,,,6,-0.3144999999999998,
827,2022-06-01 21:00:00+00:00,,,,,,,,6,-0.3144999999999998,
828,2022-06-01 22:00:00+00:00,,,,,,,,6,-0.3144999999999998,
829,2022-06-01 23:00:00+00:00,,,,,,,,6,-0.3144999999999998,
830,2022-06-02 00:00:00+00:00,,,,,,,,6,-0.3144999999999998,
831,2022-06-02 01:00:00+00:00,,,,,,,,6,-0.3144999999999998,
832,2022-06-02 02:00:00+00:00,,,,,,,,6,-0.3144999999999998,
833,2022-06-02 03:00:00+00:00,,,,,,,,6,-0.3144999999999998,
834,2022-06-02 04:00:00+00:00,,,,,,,,6,-0.3144999999999998,
835,2022-06-02 05:00:00+00:00,,,,,,,,6,-0.3144999999999998,
836,2022-06-02 06:00:00+00:00,,,,,,,,6,-0.3144999999999998,
837,2022-06-02 07:00:00+00:00,,,,,,,,6,-0.3144999999999998,
838,2022-06-02 08:00:00+00:00,,,,,,,,6,-0.3144999999999998,
839,2022-06-02 09:00:00+00:00,,,,,,,,6,-0.3144999999999998,
840,2022-06-02 10:00:00+00:00,,,,,,,,6,-0.3144999999999998,
841,2022-06-02 11:00:00+00:00,,,,,,,,6,-0.3144999999999998,
842,2022-06-02 12:00:00+00:00,,,,,,,,6,-0.3144999999999998,
843,2022-06-02 13:00:00+00:00,,,,,,,,6,-0.3144999999999998,
844,2022-06-02 14:00:00+00:00,,,,,,,,6,-0.3144999999999998,
845,2022-06-02 15:00:00+00:00,,,,,,,,6,-0.3144999999999998,
846,2022-06-02 16:00:00+00:00,,,,,,,,6,-0.3144999999999998,
847,2022-06-02 17:00:00+00:00,,,,,,,,6,-0.3144999999999998,
848,2022-06-02 18:00:00+00:00,,,,,,,,6,-0.3144999999999998,
849,2022-06-02 19:00:00+00:00,,,,,,,,6,-0.3144999999999998,
850,2022-06-02 20:00:00+00:00,,,,,,,,6,-0.3144999999999998,
851,2022-06-02 21:00:00+00:00,,,,,,,,6,-0.3144999999999998,
852,2022-06-02 22:00:00+00:00,,,,,,,,6,-0.3144999999999998,
853,2022-06-02 23:00:00+00:00,,,,,,,,6,-0.3144999999999998,
854,2022-06-03 00:00:00+00:00,,,,,,,,6,-0.3144999999999998,
855,2022-06-03 01:00:00+00:00,,,,,,,,6,-0.3144999999999998,
856,2022-06-03 02:00:00+00:00,,,,,,,,6,-0.3144999999999998,
857,2022-06-03 03:00:00+00:00,,,,,,,,6,-0.3144999999999998,
858,2022-06-03 04:00:00+00:00,,,,,,,,6,-0.3144999999999998,
859,2022-06-03 05:00:00+00:00,,,,,,,,6,-0.3144999999999998,
860,2022-06-03 06:00:00+00:00,,,,,,,,6,-0.3144999999999998,
861,2022-06-03 07:00:00+00:00,,,,,,,,6,-0.3144999999999998,
862,2022-06-03 08:00:00+00:00,,,,,,,,6,-0.3144999999999998,
863,2022-06-03 09:00:00+00:00,,,,,,,,6,-0.3144999999999998,
864,2022-06-03 10:00:00+00:00,,,,,,,,6,-0.3144999999999998,
865,2022-06-03 11:00:00+00:00,,,,,,,,6,-0.3144999999999998,
866,2022-06-03 12:00:00+00:00,,,,,,,,6,-0.3144999999999998,
867,2022-06-03 13:00:00+00:00,,,,,,,,6,-0.3144999999999998,
868,2022-06-03 14:00:00+00:00,,,,,,,,6,-0.3144999999999998,
869,2022-06-03 15:00:00+00:00,,,,,,,,6,-0.3144999999999998,
870,2022-06-03 16:00:00+00:00,,,,,,,,6,-0.3144999999999998,
871,2022-06-03 17:00:00+00:00,,,,,,,,6,-0.3144999999999998,
872,2022-06-03 18:00:00+00:00,,,,,,,,6,-0.3144999999999998,
873,2022-06-03 19:00:00+00:00,,,,,,,,6,-0.3144999999999998,
874,2022-06-03 20:00:00+00:00,,,,,,,,6,-0.3144999999999998,
875,2022-06-03 21:00:00+00:00,,,,,,,,6,-0.3144999999999998,
876,2022-06-03 22:00:00+00:00,,,,,,,,6,-0.3144999999999998,
877,2022-06-03 23:00:00+00:00,,,,,,,,6,-0.3144999999999998,
878,2022-06-04 00:00:00+00:00,,,,,,,,6,-0.3144999999999998,
879,2022-06-04 01:00:00+00:00,,,,,,,,6,-0.3144999999999998,
880,2022-06-04 02:00:00+00:00,,,,,,,,6,-0.3144999999999998,
881,2022-06-04 03:00:00+00:00,,,,,,,,6,-0.3144999999999998,
882,2022-06-04 04:00:00+00:00,,,,,,,,6,-0.3144999999999998,
883,2022-06-04 05:00:00+00:00,,,,,,,,6,-0.3144999999999998,
884,2022-06-04 06:00:00+00:00,,,,,,,,6,-0.3144999999999998,
885,2022-06-04 07:00:00+00:00,,,,,,,,6,-0.3144999999999998,
886,2022-06-04 08:00:00+00:00,,,,,,,,6,-0.3144999999999998,
887,2022-06-04 09:00:00+00:00,,,,,,,,6,-0.3144999999999998,
888,2022-06-04 10:00:00+00:00,,,,,,,,6,-0.3144999999999998,
889,2022-06-04 11:00:00+00:00,,,,,,,,6,-0.3144999999999998,
890,2022-06-04 12:00:00+00:00,,,,,,,,6,-0.3144999999999998,
891,2022-06-04 13:00:00+00:00,,,,,,,,6,-0.3144999999999998,
892,2022-06-04 14:00:00+00:00,,,,,,,,6,-0.3144999999999998,
893,2022-06-04 15:00:00+00:00,,,,,,,,6,-0.3144999999999998,
894,2022-06-04 16:00:00+00:00,,,,,,,,6,-0.3144999999999998,
895,2022-06-04 17:00:00+00:00,,,,,,,,6,-0.3144999999999998,
896,2022-06-04 18:00:00+00:00,,,,,,,,6,-0.3144999999999998,
897,2022-06-04 19:00:00+00:00,,,,,,,,6,-0.3144999999999998,
898,2022-06-04 20:00:00+00:00,,,,,,,,6,-0.3144999999999998,
899,2022-06-04 21:00:00+00:00,,,,,,,,6,-0.3144999999999998,
900,2022-06-04 22:00:00+00:00,,,,,,,,6,-0.3144999999999998,
901,2022-06-04 23:00:00+00:00,,,,,,,,6,-0.3144999999999998,
902,2022-06-05 00:00:00+00:00,,,,,,,,6,-0.3144999999999998,
903,2022-06-05 01:00:00+00:00,,,,,,,,6,-0.3144999999999998,
904,2022-06-05 02:00:00+00:00,,,,,,,,6,-0.3144999999999998,
905,2022-06-05 03:00:00+00:00,,,,,,,,6,-0.3144999999999998,
906,2022-06-05 04:00:00+00:00,,,,,,,,6,-0.3144999999999998,
907,2022-06-05 05:00:00+00:00,,,,,,,,6,-0.3144999999999998,
908,2022-06-05 06:00:00+00:00,,,,,,,,6,-0.3144999999999998,
909,2022-06-05 07:00:00+00:00,,,,,,,,6,-0.3144999999999998,
910,2022-06-05 08:00:00+00:00,,,,,,,,6,-0.3144999999999998,
911,2022-06-05 09:00:00+00:00,,,,,,,,6,-0.3144999999999998,
912,2022-06-05 10:00:00+00:00,,,,,,,,6,-0.3144999999999998,
913,2022-06-05 11:00:00+00:00,,,,,,,,6,-0.3144999999999998,
914,2022-06-05 12:00:00+00:00,,,,,,,,6,-0.3144999999999998,
915,2022-06-05 13:00:00+00:00,,,,,,,,6,-0.3144999999999998,
916,2022-06-05 14:00:00+00:00,,,,,,,,6,-0.3144999999999998,
917,2022-06-05 15:00:00+00:00,,,,,,,,6,-0.3144999999999998,
918,2022-06-05 16:00:00+00:00,,,,,,,,6,-0.3144999999999998,
919,2022-06-05 17:00:00+00:00,,,,,,,,6,-0.3144999999999998,
920,2022-06-05 18:00:00+00:00,,,,,,,,6,-0.3144999999999998,
921,2022-06-05 19:00:00+00:00,,,,,,,,6,-0.3144999999999998,
922,2022-06-05 20:00:00+00:00,,,,,,,,6,-0.3144999999999998,
923,2022-06-05 21:00:00+00:00,,,,,,,,6,-0.3144999999999998,
924,2022-06-05 22:00:00+00:00,,,,,,,,6,-0.3144999999999998,
925,2022-06-05 23:00:00+00:00,,,,,,,,6,-0.3144999999999998,
926,2022-06-06 00:00:00+00:00,,,,,,,,6,-0.3144999999999998,
927,2022-06-06 01:00:00+00:00,,,,,,,,6,-0.3144999999999998,
928,2022-06-06 02:00:00+00:00,,,,,,,,6,-0.3144999999999998,
929,2022-06-06 03:00:00+00:00,,,,,,,,6,-0.3144999999999998,
930,2022-06-06 04:00:00+00:00,,,,,,,,6,-0.3144999999999998,
931,2022-06-06 05:00:00+00:00,,,,,,,,6,-0.3144999999999998,
932,2022-06-06 06:00:00+00:00,,,,,,,,6,-0.3144999999999998,
933,2022-06-06 07:00:00+00:00,,,,,,,,6,-0.3144999999999998,
934,2022-06-06 08:00:00+00:00,,,,,,,,6,-0.3144999999999998,
935,2022-06-06 09:00:00+00:00,,,,,,,,6,-0.3144999999999998,
936,2022-06-06 10:00:00+00:00,,,,,,,,6,-0.3144999999999998,
937,2022-06-06 11:00:00+00:00,,,,,,,,6,-0.3144999999999998,
938,2022-06-06 12:00:00+00:00,,,,,,,,6,-0.3144999999999998,
939,2022-06-06 13:00:00+00:00,,,,,,,,6,-0.3144999999999998,
940,2022-06-06 14:00:00+00:00,,,,,,,,6,-0.3144999999999998,
941,2022-06-06 15:00:00+00:00,,,,,,,,6,-0.3144999999999998,
942,2022-06-06 16:00:00+00:00,,,,,,,,6,-0.3144999999999998,
943,2022-06-06 17:00:00+00:00,,,,,,,,6,-0.3144999999999998,
944,2022-06-06 18:00:00+00:00,,,,,,,,6,-0.3144999999999998,
945,2022-06-06 19:00:00+00:00,,,,,,,,6,-0.3144999999999998,
946,2022-06-06 20:00:00+00:00,,,,,,,,6,-0.3144999999999998,
947,2022-06-06 21:00:00+00:00,,,,,,,,6,-0.3144999999999998,
948,2022-06-06 22:00:00+00:00,,,,,,,,6,-0.3144999999999998,
949,2022-06-06 23:00:00+00:00,,,,,,,,6,-0.3144999999999998,
950,2022-06-07 00:00:00+00:00,,,,,,,,6,-0.2676999999999996,
951,2022-06-07 01:00:00+00:00,,,,,,,,6,-0.2676999999999996,
952,2022-06-07 02:00:00+00:00,,,,,,,,6,-0.2676999999999996,
953,2022-06-07 03:00:00+00:00,,,,,,,,6,-0.2676999999999996,
954,2022-06-07 04:00:00+00:00,,,,,,,,6,-0.2676999999999996,
955,2022-06-07 05:00:00+00:00,,,,,,,,6,-0.2676999999999996,
956,2022-06-07 06:00:00+00:00,,,,,,,,6,-0.2676999999999996,
957,2022-06-07 07:00:00+00:00,,,,,,,,6,-0.2676999999999996,
958,2022-06-07 08:00:00+00:00,,,,,,,,6,-0.2676999999999996,
959,2022-06-07 09:00:00+00:00,,,,,,,,6,-0.2676999999999996,
960,2022-06-07 10:00:00+00:00,,,,,,,,6,-0.2676999999999996,
961,2022-06-07 11:00:00+00:00,24.86665833333333,,50.31306666666667,,1.579998,94.47933166666668,,0,-0.2676999999999996,
962,2022-06-07 12:00:00+00:00,,,,,,,,0,-0.2676999999999996,
963,2022-06-07 13:00:00+00:00,,,,,,,,0,-0.2676999999999996,
964,2022-06-07 14:00:00+00:00,,,,,,,,0,-0.2676999999999996,
965,2022-06-07 15:00:00+00:00,,,,,,,,0,-0.2676999999999996,
966,2022-06-07 16:00:00+00:00,,,,,,,,0,-0.2676999999999996,
967,2022-06-07 17:00:00+00:00,,,,,,,,0,-0.2676999999999996,
968,2022-06-07 18:00:00+00:00,,,,,,,,0,-0.2676999999999996,
969,2022-06-07 19:00:00+00:00,,,,,,,,0,-0.2676999999999996,
970,2022-06-07 20:00:00+00:00,,,,,,,,0,-0.2676999999999996,
971,2022-06-07 21:00:00+00:00,,,,,,,,1,-0.2676999999999996,
972,2022-06-07 22:00:00+00:00,,,,,,,,1,-0.2676999999999996,
973,2022-06-07 23:00:00+00:00,,,,,,,,1,-0.2676999999999996,
974,2022-06-08 00:00:00+00:00,,,,,,,,2,2.130399999999999,
975,2022-06-08 01:00:00+00:00,,,,,,,,2,2.130399999999999,
976,2022-06-08 02:00:00+00:00,,,,,,,,2,2.130399999999999,
977,2022-06-08 03:00:00+00:00,,,,,,,,3,2.130399999999999,
978,2022-06-08 04:00:00+00:00,,,,,,,,3,2.130399999999999,
979,2022-06-08 05:00:00+00:00,,,,,,,,3,2.130399999999999,
980,2022-06-08 06:00:00+00:00,,,,,,,,4,2.130399999999999,
981,2022-06-08 07:00:00+00:00,,,,,,,,4,2.130399999999999,
982,2022-06-08 08:00:00+00:00,,,,,,,,4,2.130399999999999,
983,2022-06-08 09:00:00+00:00,24.181811818181817,22.036362727272728,70.19981818181819,2524.5799854545457,2.1385427272727275,95.70726454545456,0.1661399999999999,0,2.130399999999999,
984,2022-06-08 10:00:00+00:00,24.29166333333333,22.249995,72.52483333333333,2525.4966575,2.2002475,95.68833083333334,0.1654408333333333,0,2.130399999999999,
985,2022-06-08 11:00:00+00:00,23.99444055555556,21.99444,80.52923529411765,2524.45613,2.408996111111111,95.863885,0.1656438888888889,0,2.130399999999999,
986,2022-06-08 12:00:00+00:00,22.54782260869565,21.37499625,81.9165,2528.77918,2.2640382608695653,95.98999666666668,0.16483,0,2.130399999999999,
987,2022-06-08 13:00:00+00:00,21.137494166666663,20.937495,85.37487499999999,2523.8274991666667,2.229494583333333,96.01791083333336,0.1643104166666666,0,2.130399999999999,
988,2022-06-08 14:00:00+00:00,22.612496250000003,21.562495416666668,87.49141666666667,2528.887914166666,2.4004525,95.98956217391306,0.1637208333333333,0,2.130399999999999,
989,2022-06-08 15:00:00+00:00,22.299996250000003,21.42082875,81.04970833333334,2528.1383408333336,2.258950833333333,96.01124416666666,0.16459625,0,2.130399999999999,
990,2022-06-08 16:00:00+00:00,21.879161666666665,21.34347391304348,86.0911304347826,2522.8679158333334,2.334574583333333,96.00082833333336,0.1648304166666666,0,2.130399999999999,
991,2022-06-08 17:00:00+00:00,22.20833083333333,21.479162916666667,81.75195652173912,2517.495,2.23287125,96.00958,0.1641583333333333,0,2.130399999999999,
992,2022-06-08 18:00:00+00:00,19.8166625,20.533328333333333,83.51654166666668,2513.426660833333,1.9738716666666667,96.02457708333333,0.16344625,0,2.130399999999999,
993,2022-06-08 19:00:00+00:00,17.69582958333333,19.44999625,89.95812500000001,2512.6116491666667,1.8243891304347823,96.06332833333332,0.1649620833333333,0,2.130399999999999,
994,2022-06-08 20:00:00+00:00,16.314285714285713,18.35713928571429,94.82128571428572,2512.6899714285714,1.7576407142857142,96.26928,0.1634692857142857,1,2.130399999999999,
995,2022-06-08 21:00:00+00:00,15.916663333333334,17.849995,95.63636363636364,2512.9599566666666,1.7273308333333333,96.36916083333334,0.1635275,1,2.130399999999999,
996,2022-06-08 22:00:00+00:00,15.274995,17.26666416666667,95.16658333333332,2512.626625,1.6497466666666665,96.4149975,0.1631816666666666,1,2.130399999999999,
997,2022-06-08 23:00:00+00:00,14.849995,16.766661666666668,97.44166666666666,2512.9208325,1.6444141666666665,96.43582833333332,0.1626133333333333,2,2.130399999999999,
998,2022-06-09 00:00:00+00:00,14.74544909090909,16.399993636363636,99.34150000000001,2513.4508225,1.6649966666666665,96.46833083333333,0.1653383333333333,2,11.895400000000002,
999,2022-06-09 01:00:00+00:00,14.7583275,16.2083325,99.9665,2513.6999483333334,1.6780808333333337,96.48083,0.16373,2,11.895400000000002,
1000,2022-06-09 02:00:00+00:00,14.9083275,16.133333333333333,100.0,2513.7616141666667,1.6939975,96.48749666666669,0.1653791666666666,3,11.895400000000002,
1001,2022-06-09 03:00:00+00:00,14.48333,15.758329166666668,99.59141666666667,2513.6150058333333,1.6414158333333333,96.52832833333332,0.1632225,3,11.895400000000002,
1002,2022-06-09 04:00:00+00:00,14.716663333333337,15.736360909090909,99.97263636363635,2513.6557991666664,1.664999090909091,96.60499333333333,0.1629183333333333,3,11.895400000000002,
1003,2022-06-09 05:00:00+00:00,16.649996666666667,16.574996666666667,100.0,2513.07747,1.9527458333333327,96.66833,0.1635675,4,11.895400000000002,
1004,2022-06-09 06:00:00+00:00,18.199998333333333,17.52726909090909,96.33325,2549.1091475,2.3709158333333336,96.68999833333334,0.1634258333333333,4,11.895400000000002,
1005,2022-06-09 07:00:00+00:00,18.983329166666667,18.0,92.19991666666668,2564.059140833333,2.285246666666666,96.70915916666668,0.1632616666666666,4,11.895400000000002,
1006,2022-06-09 08:00:00+00:00,18.83333083333333,18.058329166666667,97.2165,2546.550004166667,2.4369116666666666,96.78249666666666,0.1637316666666666,5,11.895400000000002,
1007,2022-06-09 09:00:00+00:00,20.783326666666667,19.08332833333333,92.93316666666668,2558.273311666667,2.2788316666666666,96.78999666666668,0.162265,5,11.895400000000002,
1008,2022-06-09 10:00:00+00:00,,,,,,,,5,11.895400000000002,
1009,2022-06-09 11:00:00+00:00,,,,,,,,6,11.895400000000002,
1010,2022-06-09 12:00:00+00:00,,,,,,,,6,11.895400000000002,
1011,2022-06-09 13:00:00+00:00,24.474995,22.6,60.59975,2541.124995,1.978745,96.3699975,0.16489,0,11.895400000000002,
1012,2022-06-09 14:00:00+00:00,24.249995,22.508331666666667,59.799749999999996,2535.66831,1.8762491666666667,96.39999583333334,0.1638333333333333,0,11.895400000000002,
1013,2022-06-09 15:00:00+00:00,22.824994166666663,21.449995,74.48333333333333,2531.2033441666667,2.1594966666666666,96.44082916666667,0.1677408333333333,0,11.895400000000002,
1014,2022-06-09 16:00:00+00:00,22.791661666666663,21.833326666666665,70.82491666666667,2529.904985,2.214824166666667,96.49166,0.1649716666666666,0,11.895400000000002,
1015,2022-06-09 17:00:00+00:00,21.466663333333333,21.408329166666665,74.475,2520.5566958333334,1.9039983333333328,96.55908818181818,0.1642808333333333,0,11.895400000000002,
1016,2022-06-09 18:00:00+00:00,19.308331666666664,20.466663333333333,80.91658333333332,2518.043310833333,1.8086641666666667,96.6224925,0.165055,0,11.895400000000002,
1017,2022-06-09 19:00:00+00:00,17.399994166666666,19.516661666666668,85.8915,2518.559974166667,1.70608,96.67832916666669,0.1650125,0,11.895400000000002,
1018,2022-06-09 20:00:00+00:00,15.942855714285717,18.457138571428573,87.09985714285715,2519.8514171428574,1.574282857142857,96.74571142857144,0.1647799999999999,0,11.895400000000002,
1019,2022-06-09 21:00:00+00:00,,,,,,,,0,11.895400000000002,
1020,2022-06-09 22:00:00+00:00,,,,,,,,0,11.895400000000002,
1021,2022-06-09 23:00:00+00:00,,,,,,,,0,11.895400000000002,
1022,2022-06-10 00:00:00+00:00,,,,,,,,0,0.7622999999999998,
1023,2022-06-10 01:00:00+00:00,,,,,,,,0,0.7622999999999998,
1024,2022-06-10 02:00:00+00:00,,,,,,,,0,0.7622999999999998,
1025,2022-06-10 03:00:00+00:00,,,,,,,,1,0.7622999999999998,
1026,2022-06-10 04:00:00+00:00,,,,,,,,1,0.7622999999999998,
1027,2022-06-10 05:00:00+00:00,,,,,,,,1,0.7622999999999998,
1028,2022-06-10 06:00:00+00:00,,,,,,,,2,0.7622999999999998,
1029,2022-06-10 07:00:00+00:00,,,,,,,,2,0.7622999999999998,
1030,2022-06-10 08:00:00+00:00,,,,,,,,2,0.7622999999999998,
1031,2022-06-10 09:00:00+00:00,23.39999,21.8999925,68.075,2535.0725625,1.9914975,96.874995,0.1650725,0,0.7622999999999998,
1032,2022-06-10 10:00:00+00:00,23.633329166666663,22.341664166666664,64.66625,2525.0108391666668,1.8871641666666663,96.8599975,0.1638741666666666,0,0.7622999999999998,
1033,2022-06-10 11:00:00+00:00,24.34166,23.033329166666665,61.34141666666667,2516.3108275,1.8681625,96.85165833333332,0.163995,0,0.7622999999999998,
1034,2022-06-10 12:00:00+00:00,24.92499666666667,23.5333275,58.85816666666667,2512.9108025,1.8554966666666663,96.82999083333334,0.1629183333333333,0,0.7622999999999998,
1035,2022-06-10 13:00:00+00:00,25.08333333333333,23.866656666666668,57.158,2510.3832975,1.8179158333333332,96.78416,0.1632433333333333,0,0.7622999999999998,
1036,2022-06-10 14:00:00+00:00,24.81666,23.84999,54.499833333333335,2505.5833283333336,1.7069150000000002,96.76666,0.1626741666666666,0,0.7622999999999998,
1037,2022-06-10 15:00:00+00:00,24.3416625,23.6333325,54.19991666666667,2501.7749608333334,1.650165,96.75083333333332,0.162815,0,0.7622999999999998,
1038,2022-06-10 16:00:00+00:00,24.066662500000003,23.366659166666665,55.833,2500.2307708333333,1.6717466666666667,96.73833166666668,0.1630375,0,0.7622999999999998,
1039,2022-06-10 17:00:00+00:00,23.566662500000003,23.04999833333333,61.474666666666664,2498.05747,1.7852475,96.739995,0.1628758333333333,0,0.7622999999999998,
1040,2022-06-10 18:00:00+00:00,22.66666333333333,22.71666083333333,75.62709090909091,2495.3808125,2.3890816666666668,96.75833166666666,0.1646275,0,0.7622999999999998,
1041,2022-06-10 19:00:00+00:00,20.03333,21.433329166666667,78.98316666666668,2491.9124916666665,1.8478325,96.784995,0.1640758333333333,0,0.7622999999999998,
1042,2022-06-10 20:00:00+00:00,17.08332916666667,20.149996666666667,85.97491666666667,2492.5599933333333,1.6754141666666669,96.82249583333332,0.164525,0,0.7622999999999998,
1043,2022-06-10 21:00:00+00:00,15.549996666666669,18.933329166666667,87.45833333333333,2494.2807975,1.5431641666666664,96.824995,0.1644641666666666,0,0.7622999999999998,
1044,2022-06-10 22:00:00+00:00,15.8083275,18.358329166666667,89.23299999999999,2496.2333516666667,1.6008283333333333,96.8358275,0.1650741666666666,0,0.7622999999999998,
1045,2022-06-10 23:00:00+00:00,15.758329166666668,17.966665000000003,89.31658333333333,2497.3825033333333,1.5980791666666665,96.84582333333331,0.164585,0,0.7622999999999998,
1046,2022-06-11 00:00:00+00:00,15.5833325,17.575,89.77475,2498.668329166667,1.58833,96.84665666666668,0.1634066666666666,0,3.0745999999999993,
1047,2022-06-11 01:00:00+00:00,15.483330833333332,17.249995833333333,90.56658333333334,2500.1018245454547,1.5910775,96.84665833333334,0.1644225,0,3.0745999999999993,
1048,2022-06-11 02:00:00+00:00,15.324993333333332,16.99166,90.1165,2500.552485,1.5680816666666668,96.85165833333332,0.1650333333333333,0,3.0745999999999993,
1049,2022-06-11 03:00:00+00:00,15.48333,16.89999,92.02466666666668,2501.092465,1.619495,96.87916166666668,0.1654408333333333,0,3.0745999999999993,
1050,2022-06-11 04:00:00+00:00,15.909998000000002,17.011107777777777,93.5498,2501.436983,1.692497,96.90777777777777,0.1659769999999999,0,3.0745999999999993,
1051,2022-06-11 05:00:00+00:00,,,,,,,,1,3.0745999999999993,
1052,2022-06-11 06:00:00+00:00,,,,,,,,1,3.0745999999999993,
1053,2022-06-11 07:00:00+00:00,,,,,,,,1,3.0745999999999993,
1054,2022-06-11 08:00:00+00:00,,,,,,,,2,3.0745999999999993,
1055,2022-06-11 09:00:00+00:00,24.971425714285715,22.799997142857144,67.41414285714285,2524.461455714286,2.246137142857143,96.88999,0.1636785714285714,0,3.0745999999999993,
1056,2022-06-11 10:00:00+00:00,25.69999583333333,23.558328333333336,62.64966666666666,2519.98502,2.3882458333333334,96.87832583333334,0.1631,0,3.0745999999999993,
1057,2022-06-11 11:00:00+00:00,26.783329166666665,24.35833083333333,58.633,2517.1566525,2.3054975,96.84666166666666,0.1631808333333333,0,3.0745999999999993,
1058,2022-06-11 12:00:00+00:00,27.0999975,24.749995833333333,53.53308333333333,2514.166661666666,2.0344116666666667,96.8174925,0.1637716666666666,0,3.0745999999999993,
1059,2022-06-11 13:00:00+00:00,27.50833,25.066666666666663,53.06641666666666,2518.1966908333334,1.976581666666667,96.7924975,0.1636908333333333,0,3.0745999999999993,
1060,2022-06-11 14:00:00+00:00,27.23333,25.075000000000003,53.1,2513.8400025,1.9792491666666665,96.76582666666668,0.1626908333333333,0,3.0745999999999993,
1061,2022-06-11 15:00:00+00:00,26.808328333333336,24.924993333333333,55.233,2510.870805,2.03608,96.73749583333334,0.1633033333333333,0,3.0745999999999993,
1062,2022-06-11 16:00:00+00:00,26.058328333333336,24.69999583333333,54.658249999999995,2509.0874983333333,1.8435,96.731665,0.1632825,0,3.0745999999999993,
1063,2022-06-11 17:00:00+00:00,25.18333,24.3333275,55.55825,2503.7874908333333,1.7788308333333334,96.75082833333336,0.1635075,0,3.0745999999999993,
1064,2022-06-11 18:00:00+00:00,23.93333,23.79999666666667,67.33325,2507.134170833333,2.03358,96.77499,0.1626916666666666,0,3.0745999999999993,
1065,2022-06-11 19:00:00+00:00,21.45833,22.633329166666663,75.47491666666667,2503.0974691666665,2.120165,96.79833,0.1630591666666666,0,3.0745999999999993,
1066,2022-06-11 20:00:00+00:00,18.624995833333333,21.25832833333333,84.02458333333334,2503.5616225,1.8014958333333333,96.83665833333332,0.164565,0,3.0745999999999993,
1067,2022-06-11 21:00:00+00:00,17.108329166666667,20.233329166666667,87.80808333333333,2505.580845,1.7107458333333334,96.84415666666666,0.1648508333333333,0,3.0745999999999993,
1068,2022-06-11 22:00:00+00:00,16.183329166666667,19.449996666666667,89.78308333333334,2507.4725083333333,1.6506641666666668,96.84249166666666,0.1649308333333333,0,3.0745999999999993,
1069,2022-06-11 23:00:00+00:00,15.633326666666669,18.816664166666666,89.89991666666667,2509.9391833333334,1.5963291666666668,96.8374925,0.16434,0,3.0745999999999993,
1070,2022-06-12 00:00:00+00:00,15.3416625,18.15833083333333,91.75816666666667,2511.6233075,1.5999133333333333,96.82833,0.1650741666666666,0,5.200599999999999,
1071,2022-06-12 01:00:00+00:00,15.73333,17.891665,90.69975,2513.3066750000003,1.6202474999999998,96.81916083333334,0.1647483333333333,0,5.200599999999999,
1072,2022-06-12 02:00:00+00:00,15.708330833333331,17.583325833333333,90.39158333333333,2514.230016666667,1.61083,96.810825,0.1654608333333333,0,5.200599999999999,
1073,2022-06-12 03:00:00+00:00,15.949998333333332,17.441660833333334,92.66641666666669,2515.099138333333,1.6794975,96.82832833333332,0.16532,0,5.200599999999999,
1074,2022-06-12 04:00:00+00:00,16.881813636363635,17.849998,93.927,2515.116011,1.8049081818181816,96.83999272727272,0.1652972727272727,0,5.200599999999999,
1075,2022-06-12 05:00:00+00:00,,,,,,,,1,5.200599999999999,
1076,2022-06-12 06:00:00+00:00,,,,,,,,1,5.200599999999999,
1077,2022-06-12 07:00:00+00:00,,,,,,,,1,5.200599999999999,
1078,2022-06-12 08:00:00+00:00,,,,,,,,2,5.200599999999999,
1079,2022-06-12 09:00:00+00:00,25.799996,23.099996,62.5798,2536.28598,2.190798,96.767994,0.162974,0,5.200599999999999,
1080,2022-06-12 10:00:00+00:00,26.64166333333333,23.92499583333333,58.64991666666667,2531.5233316666668,2.468906666666667,96.72082666666668,0.1632225,0,5.200599999999999,
1081,2022-06-12 11:00:00+00:00,27.92499666666667,24.999995833333333,57.116583333333324,2522.966669166666,2.20058,96.65916333333332,0.1632641666666666,0,5.200599999999999,
1082,2022-06-12 12:00:00+00:00,28.374995833333333,25.6666625,53.966499999999996,2513.4624991666665,2.4027366666666667,96.59916166666666,0.1626545454545454,0,5.200599999999999,
1083,2022-06-12 13:00:00+00:00,28.558333333333334,25.98333083333333,48.64983333333333,2515.947466666667,1.9319991666666667,96.55083083333334,0.1631408333333333,0,5.200599999999999,
1084,2022-06-12 14:00:00+00:00,28.48333,26.141666666666666,49.0995,2505.610834166667,1.9664158333333333,96.50749666666668,0.1633233333333333,0,5.200599999999999,
1085,2022-06-12 15:00:00+00:00,28.324991666666666,26.20833083333333,49.22483333333333,2500.5849975,1.9359966666666668,96.45582833333332,0.1623475,0,5.200599999999999,
1086,2022-06-12 16:00:00+00:00,27.558328333333336,25.9333325,48.95808333333333,2493.7241575000003,1.8039141666666667,96.4274975,0.1629175,0,5.200599999999999,
1087,2022-06-12 17:00:00+00:00,25.7166625,25.07499583333333,56.50816666666667,2493.4241891666666,1.9227466666666668,96.43454454545454,0.1631824999999999,0,5.200599999999999,
1088,2022-06-12 18:00:00+00:00,24.33332833333333,24.399996666666667,68.075,2487.140843333333,2.4619875,96.45165666666666,0.1642391666666666,0,5.200599999999999,
1089,2022-06-12 19:00:00+00:00,22.72499583333333,23.63332833333333,77.69149999999999,2485.8999991666665,2.265413333333333,96.474995,0.1653183333333333,0,5.200599999999999,
1090,2022-06-12 20:00:00+00:00,21.33332833333333,22.872724545454545,78.80816666666666,2485.5241266666667,2.160329166666666,96.50999583333332,0.1637418181818181,0,5.200599999999999,
1091,2022-06-12 21:00:00+00:00,20.141663333333334,22.1416625,81.23325,2485.3832966666664,1.9134991666666668,96.53499416666666,0.1646075,0,5.200599999999999,
1092,2022-06-12 22:00:00+00:00,18.88333,21.20832916666667,87.79966666666667,2485.965003333333,1.9144133333333333,96.5366625,0.1653175,0,5.200599999999999,
1093,2022-06-12 23:00:00+00:00,18.541665,20.783325833333333,92.19133333333333,2486.82584,2.01633,96.520825,0.1653175,0,5.200599999999999,
1094,2022-06-13 00:00:00+00:00,18.666666666666668,20.58333333333333,93.33316666666668,2487.9417058333333,2.374995833333333,96.50454363636364,0.1655833333333333,0,8.540700000000001,
1095,2022-06-13 01:00:00+00:00,18.65,20.324991666666666,93.49166666666669,2487.58746,2.190333333333333,96.47833083333336,0.1654199999999999,0,8.540700000000001,
1096,2022-06-13 02:00:00+00:00,18.633333333333333,20.116666666666667,93.71641666666667,2487.6241800000003,2.2501558333333334,96.46499583333332,0.1659708333333333,0,8.540700000000001,
1097,2022-06-13 03:00:00+00:00,18.827264545454543,20.09,94.4361818181818,2487.580024,2.500903636363637,96.46181363636364,0.1656954545454545,0,8.540700000000001,
1098,2022-06-13 04:00:00+00:00,,,,,,,,0,8.540700000000001,
1099,2022-06-13 05:00:00+00:00,,,,,,,,0,8.540700000000001,
1100,2022-06-13 06:00:00+00:00,,,,,,,,1,8.540700000000001,
1101,2022-06-13 07:00:00+00:00,,,,,,,,1,8.540700000000001,
1102,2022-06-13 08:00:00+00:00,,,,,,,,1,8.540700000000001,
1103,2022-06-13 09:00:00+00:00,,,,,,,,2,8.540700000000001,
1104,2022-06-13 10:00:00+00:00,25.841660833333336,24.36666333333333,61.424749999999996,2512.262508333333,2.207078333333333,96.62666000000002,0.1640775,0,8.540700000000001,
1105,2022-06-13 11:00:00+00:00,26.474995000000003,24.816661666666665,57.4415,2512.778316666667,2.0182458333333333,96.6141625,0.1631408333333333,0,8.540700000000001,
1106,2022-06-13 12:00:00+00:00,26.89999583333333,25.316658333333333,52.33316666666666,2509.9166833333334,1.9370741666666664,96.59999083333334,0.1628966666666666,0,8.540700000000001,
1107,2022-06-13 13:00:00+00:00,26.84166083333333,25.27499583333333,48.70808333333333,2511.9541366666667,1.7201641666666667,96.5841625,0.1631191666666666,0,8.540700000000001,
1108,2022-06-13 14:00:00+00:00,26.383329166666663,25.074999166666668,45.758166666666675,2509.528296666667,1.5734125,96.57582916666668,0.1620816666666666,0,8.540700000000001,
1109,2022-06-13 15:00:00+00:00,25.824996666666667,24.77499416666667,41.93316666666666,2507.8324758333333,1.3945825,96.56665666666667,0.16243,0,8.540700000000001,
1110,2022-06-13 16:00:00+00:00,25.133329166666663,24.366664166666663,43.158,2505.2974608333334,1.3784108333333334,96.55363272727271,0.1626316666666666,0,8.540700000000001,
1111,2022-06-13 17:00:00+00:00,24.17499583333333,23.7916625,48.84991666666667,2503.4991416666667,1.4698308333333332,96.55999166666668,0.162205,0,8.540700000000001,
1112,2022-06-13 18:00:00+00:00,23.31666,23.358329166666667,71.30825,2499.381628333333,2.2694116666666666,96.57999833333334,0.1634666666666666,0,8.540700000000001,
1113,2022-06-13 19:00:00+00:00,21.17499666666667,22.374995833333333,74.31633333333335,2496.088314166667,1.9717366666666667,96.59166166666668,0.1636516666666666,0,8.540700000000001,
1114,2022-06-13 20:00:00+00:00,18.25833,20.974996666666662,83.16658333333332,2496.213313333333,1.7445808333333332,96.6333275,0.1641636363636363,0,8.540700000000001,
1115,2022-06-13 21:00:00+00:00,17.033329166666665,19.94166333333333,86.61641666666667,2497.475011666667,1.6814125000000002,96.65000000000002,0.1647491666666666,0,8.540700000000001,
1116,2022-06-13 22:00:00+00:00,16.174995833333334,19.18332833333333,87.79141666666666,2498.944148333333,1.6131650000000002,96.65272727272728,0.1646266666666666,0,8.540700000000001,
1117,2022-06-13 23:00:00+00:00,15.033331666666667,18.233329166666667,86.89966666666668,2500.196630833333,1.4845791666666666,96.64249416666668,0.1659508333333333,0,8.540700000000001,
1118,2022-06-14 00:00:00+00:00,15.199999166666666,17.916661666666666,90.00816666666668,2501.8641516666667,1.5524966666666666,96.64165916666668,0.1649308333333333,0,1.946699999999999,
1119,2022-06-14 01:00:00+00:00,15.549993333333331,17.733329166666667,87.99983333333333,2502.5300033333333,1.5539966666666667,96.61666583333334,0.1644033333333333,0,1.946699999999999,
1120,2022-06-14 02:00:00+00:00,15.549999166666666,17.449992499999997,87.875,2503.119156666666,1.5516625,96.59749083333334,0.1644241666666666,0,1.946699999999999,
1121,2022-06-14 03:00:00+00:00,15.859998,17.442851428571426,88.84,2503.5785757142853,1.602396,96.59399,0.1648316666666666,0,1.946699999999999,
1122,2022-06-14 04:00:00+00:00,,,,,,,,0,1.946699999999999,
1123,2022-06-14 05:00:00+00:00,,,,,,,,1,1.946699999999999,
1124,2022-06-14 06:00:00+00:00,,,,,,,,1,1.946699999999999,
1125,2022-06-14 07:00:00+00:00,,,,,,,,1,1.946699999999999,
1126,2022-06-14 08:00:00+00:00,,,,,,,,2,1.946699999999999,
1127,2022-06-14 09:00:00+00:00,24.533328333333333,22.449996666666667,66.44983333333333,2540.3683233333336,2.517161666666667,96.476665,0.1643,0,1.946699999999999,
1128,2022-06-14 10:00:00+00:00,25.649996666666667,23.30833,65.54141666666668,2536.153296666667,2.158494166666667,96.45082583333334,0.1640766666666666,0,1.946699999999999,
1129,2022-06-14 11:00:00+00:00,26.683328333333336,24.14999333333333,64.65808333333334,2531.1699791666665,2.262160833333333,96.41583,0.1642616666666666,0,1.946699999999999,
1130,2022-06-14 12:00:00+00:00,27.075000000000003,24.67499666666667,60.09983333333333,2529.1591341666667,2.217745,96.35916166666668,0.1617966666666666,0,1.946699999999999,
1131,2022-06-14 13:00:00+00:00,27.224995000000003,24.84999,59.02483333333334,2528.4116575000003,2.29383,96.32082666666668,0.1631608333333333,0,1.946699999999999,
1132,2022-06-14 14:00:00+00:00,26.991664166666663,24.7416625,58.541333333333334,2520.068275,2.3218308333333333,96.28832666666666,0.1624891666666666,0,1.946699999999999,
1133,2022-06-14 15:00:00+00:00,26.766660833333333,24.65833333333333,56.233333333333334,2515.448300833333,2.16758,96.2474975,0.162815,0,1.946699999999999,
1134,2022-06-14 16:00:00+00:00,26.124995833333333,24.491664166666663,51.841499999999996,2514.584163333333,1.7546633333333332,96.2208325,0.1621833333333333,0,1.946699999999999,
1135,2022-06-14 17:00:00+00:00,25.19999583333333,24.191662500000003,52.50833333333333,2504.394995,1.681249166666667,96.21082416666668,0.1628358333333333,0,1.946699999999999,
1136,2022-06-14 18:00:00+00:00,23.908328333333333,23.69166416666667,68.96666666666667,2498.9925275,2.1464133333333333,96.21416083333334,0.1638941666666666,0,1.946699999999999,
1137,2022-06-14 19:00:00+00:00,22.08332916666667,22.81666333333333,74.94999999999999,2498.19834,2.076163333333333,96.21833,0.1626116666666666,0,1.946699999999999,
1138,2022-06-14 20:00:00+00:00,18.8666625,21.44166416666667,83.04941666666666,2498.6474766666665,1.80608,96.2616625,0.1649916666666666,0,1.946699999999999,
1139,2022-06-14 21:00:00+00:00,17.0999975,20.41666333333333,87.136,2500.485835,1.6999158333333335,96.29083083333336,0.1650333333333333,0,1.946699999999999,
1140,2022-06-14 22:00:00+00:00,16.083331666666666,19.549995,89.125,2502.454138333333,1.629665,96.31832583333332,0.1651574999999999,0,1.946699999999999,
1141,2022-06-14 23:00:00+00:00,15.774995833333334,18.9166625,90.72449999999999,2504.02079,1.6255791666666666,96.32916583333332,0.1659083333333333,0,1.946699999999999,
1142,2022-06-15 00:00:00+00:00,16.216660833333332,18.691666666666663,93.34158333333335,2505.5550075,1.7202483333333334,96.320825,0.1650558333333333,0,4.053799999999999,
1143,2022-06-15 01:00:00+00:00,16.36666083333333,18.49166333333333,92.14158333333334,2506.2816725,1.7139991666666667,96.3074925,0.1650533333333333,0,4.053799999999999,
1144,2022-06-15 02:00:00+00:00,15.824999166666666,18.024996666666667,91.13308333333335,2506.978308333333,1.6369983333333331,96.31165666666668,0.1649925,0,4.053799999999999,
1145,2022-06-15 03:00:00+00:00,16.341663333333333,17.90833,94.96658333333332,2507.279965,1.7643325,96.32082416666668,0.1655016666666666,0,4.053799999999999,
1146,2022-06-15 04:00:00+00:00,17.183333333333334,18.239996,94.03333333333333,2507.689984,1.842165,96.31832333333334,0.16483,0,4.053799999999999,
1147,2022-06-15 05:00:00+00:00,,,,,,,,1,4.053799999999999,
1148,2022-06-15 06:00:00+00:00,,,,,,,,1,4.053799999999999,
1149,2022-06-15 07:00:00+00:00,,,,,,,,1,4.053799999999999,
1150,2022-06-15 08:00:00+00:00,,,,,,,,2,4.053799999999999,
1151,2022-06-15 09:00:00+00:00,,,,,,,,2,4.053799999999999,
1152,2022-06-15 10:00:00+00:00,26.83333083333333,23.749995833333333,61.77466666666667,2528.695816666667,2.32133,96.30916083333334,0.1643416666666666,0,4.053799999999999,
1153,2022-06-15 11:00:00+00:00,28.11666083333333,24.924995,58.399750000000004,2525.5783641666667,2.306495,96.27832333333332,0.1630383333333333,0,4.053799999999999,
1154,2022-06-15 12:00:00+00:00,28.716663333333333,25.808329166666667,59.28308333333333,2518.257521666667,2.3373266666666663,96.25166166666668,0.1621033333333333,0,4.053799999999999,
1155,2022-06-15 13:00:00+00:00,28.95832916666667,26.11666166666667,61.12466666666667,2517.038305833333,2.443078333333333,96.21583,0.1636491666666666,0,4.053799999999999,
1156,2022-06-15 14:00:00+00:00,27.691662500000003,25.69999583333333,64.20808333333333,2505.960830833333,2.3823291666666666,96.1899975,0.16367,0,4.053799999999999,
1157,2022-06-15 15:00:00+00:00,26.783329166666665,25.24999833333333,61.09141666666667,2505.5624766666665,2.3628216666666666,96.15666166666666,0.1636908333333333,0,4.053799999999999,
1158,2022-06-15 16:00:00+00:00,28.50833,26.149998333333333,48.79991666666667,2503.848323333333,1.955665,96.1199975,0.16308,0,4.053799999999999,
1159,2022-06-15 17:00:00+00:00,27.924995,26.075000000000003,50.37475,2502.911658333333,1.8934141666666668,96.15916333333332,0.163365,0,4.053799999999999,
1160,2022-06-15 18:00:00+00:00,26.991664166666663,25.61666166666667,59.6915,2495.2133325,2.187828333333333,96.20083,0.1632025,0,4.053799999999999,
1161,2022-06-15 19:00:00+00:00,24.92499666666667,24.783329166666665,73.20833333333333,2491.723303333333,2.3060775,96.24666416666668,0.163385,0,4.053799999999999,
1162,2022-06-15 20:00:00+00:00,22.533328333333333,23.7916625,80.7165,2491.188289166667,2.2011616666666667,96.30165916666668,0.16373,0,4.053799999999999,
1163,2022-06-15 21:00:00+00:00,21.124994166666667,22.974995000000003,83.69158333333333,2491.2891608333334,2.382163333333333,96.32332666666667,0.1644225,0,4.053799999999999,
1164,2022-06-15 22:00:00+00:00,20.6499975,22.499997500000003,84.03325000000001,2491.625808333333,2.486496666666667,96.3408275,0.1643833333333333,0,4.053799999999999,
1165,2022-06-15 23:00:00+00:00,20.191661666666665,22.041664166666667,86.92466666666667,2492.0941741666666,2.5599166666666666,96.39832666666666,0.1648308333333333,0,4.053799999999999,
1166,2022-06-16 00:00:00+00:00,19.544441111111112,21.599997777777777,88.58855555555556,2492.2066744444446,2.3876533333333336,96.37110777777778,0.1641233333333333,0,0.7154999999999996,
1167,2022-06-16 01:00:00+00:00,,,,,,,,0,0.7154999999999996,
1168,2022-06-16 02:00:00+00:00,,,,,,,,0,0.7154999999999996,
1169,2022-06-16 03:00:00+00:00,,,,,,,,0,0.7154999999999996,
1170,2022-06-16 04:00:00+00:00,,,,,,,,0,0.7154999999999996,
1171,2022-06-16 05:00:00+00:00,,,,,,,,1,0.7154999999999996,
1172,2022-06-16 06:00:00+00:00,,,,,,,,1,0.7154999999999996,
1173,2022-06-16 07:00:00+00:00,,,,,,,,1,0.7154999999999996,
1174,2022-06-16 08:00:00+00:00,,,,,,,,2,0.7154999999999996,
1175,2022-06-16 09:00:00+00:00,,,,,,,,2,0.7154999999999996,
1176,2022-06-16 10:00:00+00:00,,,,,,,,2,0.7154999999999996,
1177,2022-06-16 11:00:00+00:00,28.669997,25.739996,56.7898,2524.993989,2.3045940000000003,96.553996,0.164537,0,0.7154999999999996,
1178,2022-06-16 12:00:00+00:00,29.2166625,26.466663333333333,53.84133333333333,2517.9874841666665,2.3654958333333336,96.52832916666668,0.1633441666666666,0,0.7154999999999996,
1179,2022-06-16 13:00:00+00:00,29.1749975,26.625,53.5165,2524.586645833333,2.3001633333333333,96.511665,0.1628558333333333,0,0.7154999999999996,
1180,2022-06-16 14:00:00+00:00,28.666661666666663,26.39999416666667,54.224916666666665,2516.2133333333336,2.258998333333333,96.50833333333334,0.16306,0,0.7154999999999996,
1181,2022-06-16 15:00:00+00:00,28.23333,26.224996666666662,54.50808333333333,2509.5224583333334,2.247913333333333,96.4941625,0.1624683333333333,0,0.7154999999999996,
1182,2022-06-16 16:00:00+00:00,27.8333275,26.058333333333334,50.491416666666666,2510.227455,1.9772491666666667,96.50454090909092,0.1627541666666666,0,0.7154999999999996,
1183,2022-06-16 17:00:00+00:00,26.999995833333333,25.67499583333333,50.35824999999999,2502.5341541666667,1.7934983333333332,96.53582666666668,0.1627758333333333,0,0.7154999999999996,
1184,2022-06-16 18:00:00+00:00,25.533328333333333,25.074996666666667,52.88181818181818,2500.2908275,1.7257475,96.5824925,0.1625308333333333,0,0.7154999999999996,
1185,2022-06-16 19:00:00+00:00,23.63332833333333,24.00833,70.59991666666666,2503.1824908333333,2.2399125,96.63082833333334,0.1638716666666666,0,0.7154999999999996,
1186,2022-06-16 20:00:00+00:00,21.02499583333333,22.67499583333333,77.07491666666667,2499.322466666667,1.9451641666666664,96.70166083333334,0.1642183333333333,0,0.7154999999999996,
1187,2022-06-16 21:00:00+00:00,19.06666,21.733330833333337,86.12483333333333,2499.503350833333,1.8977491666666664,96.73666,0.16434,0,0.7154999999999996,
1188,2022-06-16 22:00:00+00:00,18.64166416666667,21.08332916666667,87.6165,2500.3541633333334,1.879665,96.75249833333334,0.1649125,0,0.7154999999999996,
1189,2022-06-16 23:00:00+00:00,18.049995,20.3749975,87.87491666666666,2501.4116766666666,1.8189133333333332,96.77499333333331,0.1647908333333333,0,0.7154999999999996,
1190,2022-06-17 00:00:00+00:00,17.549995,19.87142,88.61250000000001,2502.5414614285714,1.77524875,96.76999,0.16562125,0,0.7622999999999998,
1191,2022-06-17 01:00:00+00:00,,,,,,,,0,0.7622999999999998,
1192,2022-06-17 02:00:00+00:00,,,,,,,,0,0.7622999999999998,
1193,2022-06-17 03:00:00+00:00,,,,,,,,0,0.7622999999999998,
1194,2022-06-17 04:00:00+00:00,,,,,,,,0,0.7622999999999998,
1195,2022-06-17 05:00:00+00:00,,,,,,,,0,0.7622999999999998,
1196,2022-06-17 06:00:00+00:00,,,,,,,,1,0.7622999999999998,
1197,2022-06-17 07:00:00+00:00,,,,,,,,1,0.7622999999999998,
1198,2022-06-17 08:00:00+00:00,,,,,,,,1,0.7622999999999998,
1199,2022-06-17 09:00:00+00:00,,,,,,,,2,0.7622999999999998,
1200,2022-06-17 10:00:00+00:00,26.516663333333337,23.88333,62.833000000000006,2521.07999,2.17433,96.86333333333334,0.1641399999999999,0,0.7622999999999998,
1201,2022-06-17 11:00:00+00:00,27.691662500000003,24.63332833333333,64.108,2518.114133333333,2.3772466666666667,96.85249416666666,0.1639958333333333,0,0.7622999999999998,
1202,2022-06-17 12:00:00+00:00,28.23333,25.291665,59.758,2511.879145833333,2.3230791666666666,96.820825,0.1633458333333333,0,0.7622999999999998,
1203,2022-06-17 13:00:00+00:00,28.43332666666667,25.541666666666668,58.1165,2508.9100091666664,2.32208,96.79249833333334,0.1634466666666666,0,0.7622999999999998,
1204,2022-06-17 14:00:00+00:00,28.074999166666668,25.566666666666663,55.70816666666667,2507.4124925,2.244495833333333,96.77082416666669,0.1637308333333333,0,0.7622999999999998,
1205,2022-06-17 15:00:00+00:00,27.82499583333333,25.575000000000003,55.21625,2504.090835833333,2.298495,96.75749916666666,0.1636083333333333,0,0.7622999999999998,
1206,2022-06-17 16:00:00+00:00,27.091661666666667,25.34166083333333,54.94141666666666,2498.853328333333,2.145745,96.75499833333332,0.16306,0,0.7622999999999998,
1207,2022-06-17 17:00:00+00:00,26.10833,24.93333,47.666666666666664,2497.779169166666,1.6125825,96.76908636363636,0.1626733333333333,0,0.7622999999999998,
1208,2022-06-17 18:00:00+00:00,24.566661666666665,24.183329166666667,54.74166666666667,2499.3841316666667,1.6870825,96.78165916666669,0.16302,0,0.7622999999999998,
1209,2022-06-17 19:00:00+00:00,22.858328333333333,23.40833083333333,72.73316666666668,2491.3366641666667,2.1240791666666667,96.80416166666669,0.1640158333333333,0,0.7622999999999998,
1210,2022-06-17 20:00:00+00:00,20.5749975,22.3583275,77.20816666666667,2489.180028333333,1.8691641666666667,96.85090363636364,0.1647275,0,0.7622999999999998,
1211,2022-06-17 21:00:00+00:00,18.68333,21.30833,86.30825,2504.9783466666668,1.8566616666666669,96.85916583333334,0.1654616666666666,0,0.7622999999999998,
1212,2022-06-17 22:00:00+00:00,17.891659166666667,20.50832833333333,89.61633333333333,2499.084163333333,1.8363308333333328,96.8608325,0.1649316666666666,0,0.7622999999999998,
1213,2022-06-17 23:00:00+00:00,17.566663333333334,19.9666625,89.833,2498.2074941666665,1.8027483333333332,96.85082583333332,0.1655825,0,0.7622999999999998,
1214,2022-06-18 00:00:00+00:00,17.129997,19.52221888888889,89.9097,2498.337031,1.755499,96.834995,0.166736,0,0.13020000000000032,
1215,2022-06-18 01:00:00+00:00,,,,,,,,0,0.13020000000000032,
1216,2022-06-18 02:00:00+00:00,,,,,,,,0,0.13020000000000032,
1217,2022-06-18 03:00:00+00:00,,,,,,,,0,0.13020000000000032,
1218,2022-06-18 04:00:00+00:00,,,,,,,,0,0.13020000000000032,
1219,2022-06-18 05:00:00+00:00,,,,,,,,0,0.13020000000000032,
1220,2022-06-18 06:00:00+00:00,,,,,,,,1,0.13020000000000032,
1221,2022-06-18 07:00:00+00:00,,,,,,,,1,0.13020000000000032,
1222,2022-06-18 08:00:00+00:00,,,,,,,,1,0.13020000000000032,
1223,2022-06-18 09:00:00+00:00,,,,,,,,2,0.13020000000000032,
1224,2022-06-18 10:00:00+00:00,28.059994,24.959996,64.1196,2520.385984,2.435198,96.511996,0.16561,0,0.13020000000000032,
1225,2022-06-18 11:00:00+00:00,28.6333275,25.574994166666663,65.5165,2518.101620833333,2.570578333333333,96.44666333333332,0.1642991666666666,0,0.13020000000000032,
1226,2022-06-18 12:00:00+00:00,29.024999166666664,26.158330000000003,63.19991666666667,2513.9991416666667,2.5329133333333336,96.36332916666667,0.1638325,0,0.13020000000000032,
1227,2022-06-18 13:00:00+00:00,29.224996666666662,26.58333083333333,65.01658333333333,2515.7291425,2.639915,96.25416333333334,0.163855,0,0.13020000000000032,
1228,2022-06-18 14:00:00+00:00,29.18333,26.691666666666663,64.55816666666666,2514.5616616666666,2.613245833333333,96.17666083333334,0.16365,0,0.13020000000000032,
1229,2022-06-18 15:00:00+00:00,28.991665,26.55,65.86658333333334,2508.928320833333,2.6349966666666664,96.55247916666669,0.1637316666666666,0,0.13020000000000032,
1230,2022-06-18 16:00:00+00:00,28.274996666666667,26.283328333333333,70.13316666666665,2509.115005,2.691828333333333,96.4666625,0.1641175,0,0.13020000000000032,
1231,2022-06-18 17:00:00+00:00,27.13333083333333,25.849996666666662,70.23325,2505.1799891666665,2.5219125,96.26666333333333,0.1638925,0,0.13020000000000032,
1232,2022-06-18 18:00:00+00:00,25.8916625,25.29999666666667,75.76666666666667,2509.7491616666666,2.5288291666666667,96.3249725,0.1642808333333333,0,0.13020000000000032,
1233,2022-06-18 19:00:00+00:00,24.316661666666665,24.533329166666665,80.84158333333332,2512.3599825,2.45658,95.98249833333334,0.1666425,0,0.13020000000000032,
1234,2022-06-18 20:00:00+00:00,22.58332916666667,23.58332833333333,83.875,2503.711625833333,2.2945783333333334,96.76575666666666,0.1658075,0,0.13020000000000032,
1235,2022-06-18 21:00:00+00:00,21.36666333333333,22.933330833333333,86.85808333333333,2515.4941775,2.208493333333333,95.98832583333336,0.1656241666666666,0,0.13020000000000032,
1236,2022-06-18 22:00:00+00:00,20.691661666666665,22.358329166666667,88.59150000000001,2508.508316666667,2.1589975,95.9599925,0.16711,0,0.13020000000000032,
1237,2022-06-18 23:00:00+00:00,20.18332833333333,21.808329166666667,88.31658333333333,2507.2874908333333,2.4479116666666667,95.93999833333334,0.1665808333333333,0,0.13020000000000032,
1238,2022-06-19 00:00:00+00:00,,,,,,,,0,0.10670000000000002,
1239,2022-06-19 01:00:00+00:00,,,,,,,,0,0.10670000000000002,
1240,2022-06-19 02:00:00+00:00,,,,,,,,0,0.10670000000000002,
1241,2022-06-19 03:00:00+00:00,,,,,,,,0,0.10670000000000002,
1242,2022-06-19 04:00:00+00:00,,,,,,,,1,0.10670000000000002,
1243,2022-06-19 05:00:00+00:00,,,,,,,,1,0.10670000000000002,
1244,2022-06-19 06:00:00+00:00,,,,,,,,1,0.10670000000000002,
1245,2022-06-19 07:00:00+00:00,,,,,,,,2,0.10670000000000002,
1246,2022-06-19 08:00:00+00:00,,,,,,,,2,0.10670000000000002,
1247,2022-06-19 09:00:00+00:00,,,,,,,,2,0.10670000000000002,
1248,2022-06-19 10:00:00+00:00,29.29999,26.29999,59.3,2524.94995,2.41499,95.75,0.16507,0,0.10670000000000002,
1249,2022-06-19 11:00:00+00:00,29.616665,26.64999583333333,61.96641666666667,2517.769995,2.5714141666666666,95.72416083333331,0.1634058333333333,0,0.10670000000000002,
1250,2022-06-19 12:00:00+00:00,30.199996666666667,27.2583275,55.73316666666667,2512.1425116666665,2.391579166666667,95.6774975,0.163345,0,0.10670000000000002,
1251,2022-06-19 13:00:00+00:00,30.50833083333333,27.6749975,51.758166666666675,2510.3183158333336,2.2660881818181817,95.62272272727272,0.162795,0,0.10670000000000002,
1252,2022-06-19 14:00:00+00:00,30.59166583333333,27.966663333333333,49.02491666666666,2504.6908308333336,2.3549108333333333,95.57332833333334,0.1637908333333333,0,0.10670000000000002,
1253,2022-06-19 15:00:00+00:00,30.233329166666667,27.858324166666662,48.99133333333333,2497.635838333333,2.2306633333333337,95.53999666666668,0.1627133333333333,0,0.10670000000000002,
1254,2022-06-19 16:00:00+00:00,29.624995833333333,27.541665,48.20808333333333,2495.755815,2.101163333333333,95.5158275,0.1629791666666666,0,0.10670000000000002,
1255,2022-06-19 17:00:00+00:00,28.558328333333336,27.033329166666665,54.508250000000004,2489.715855,2.3344033333333334,95.5141625,0.1643,0,0.10670000000000002,
1256,2022-06-19 18:00:00+00:00,26.58333,26.13332833333333,67.49983333333334,2494.0458516666667,2.3421616666666667,95.54915916666666,0.1629983333333333,0,0.10670000000000002,
1257,2022-06-19 19:00:00+00:00,24.55833,25.1166625,75.49166666666666,2495.6916858333334,2.3246625,95.587495,0.16485,0,0.10670000000000002,
1258,2022-06-19 20:00:00+00:00,22.99166333333333,24.31666416666667,81.25825,2488.365820833333,2.280995,95.6254481818182,0.1643608333333333,0,0.10670000000000002,
1259,2022-06-19 21:00:00+00:00,21.79999583333333,23.5416625,82.53316666666667,2500.144160833333,2.228328333333333,95.58666,0.1656458333333333,0,0.10670000000000002,
1260,2022-06-19 22:00:00+00:00,20.809998,22.859996,87.33000000000001,2492.784572727273,2.145093,95.618994,0.16527,0,0.10670000000000002,
1261,2022-06-19 23:00:00+00:00,,,,,,,,0,0.10670000000000002,
1262,2022-06-20 00:00:00+00:00,,,,,,,,0,0.05989999999999984,
1263,2022-06-20 01:00:00+00:00,,,,,,,,0,0.05989999999999984,
1264,2022-06-20 02:00:00+00:00,,,,,,,,0,0.05989999999999984,
1265,2022-06-20 03:00:00+00:00,,,,,,,,0,0.05989999999999984,
1266,2022-06-20 04:00:00+00:00,,,,,,,,0,0.05989999999999984,
1267,2022-06-20 05:00:00+00:00,,,,,,,,1,0.05989999999999984,
1268,2022-06-20 06:00:00+00:00,,,,,,,,1,0.05989999999999984,
1269,2022-06-20 07:00:00+00:00,,,,,,,,1,0.05989999999999984,
1270,2022-06-20 08:00:00+00:00,,,,,,,,2,0.05989999999999984,
1271,2022-06-20 09:00:00+00:00,,,,,,,,2,0.05989999999999984,
1272,2022-06-20 10:00:00+00:00,,,,,,,,2,0.05989999999999984,
1273,2022-06-20 11:00:00+00:00,28.359997,25.769997,52.839499999999994,2509.16501,2.150498,95.892995,0.161948,0,0.05989999999999984,
1274,2022-06-20 12:00:00+00:00,29.05833,26.466664166666664,48.98325,2507.110835,2.1383300000000003,95.85916416666667,0.162775,0,0.05989999999999984,
1275,2022-06-20 13:00:00+00:00,29.11666666666667,26.65833333333333,53.616416666666666,2509.1849741666665,2.289163333333333,95.81416166666666,0.1631225,0,0.05989999999999984,
1276,2022-06-20 14:00:00+00:00,29.024996666666667,26.566666666666663,51.691500000000005,2509.1291275,2.193831666666666,95.78249416666668,0.1632841666666666,0,0.05989999999999984,
1277,2022-06-20 15:00:00+00:00,28.5416625,26.383326666666665,52.19975,2504.393326666667,2.277246666666666,95.75166333333334,0.16245,0,0.05989999999999984,
1278,2022-06-20 16:00:00+00:00,28.02499416666667,26.1333325,50.407916666666665,2505.568314166667,2.01732,95.7308325,0.1627541666666666,0,0.05989999999999984,
1279,2022-06-20 17:00:00+00:00,26.9166625,25.67499583333333,54.966499999999996,2498.7532925,1.946745,95.75916416666666,0.1633425,0,0.05989999999999984,
1280,2022-06-20 18:00:00+00:00,25.199996666666667,24.97499583333333,65.08316666666666,2505.600825,2.2284133333333336,95.80749333333334,0.1646483333333333,0,0.05989999999999984,
1281,2022-06-20 19:00:00+00:00,23.383329166666663,24.033329166666665,77.06658333333333,2509.7982758333333,2.2139966666666666,95.84999333333332,0.1632424999999999,0,0.05989999999999984,
1282,2022-06-20 20:00:00+00:00,21.7416625,23.233329166666667,82.375,2501.356645,2.3179125,95.90499916666666,0.1644641666666666,0,0.05989999999999984,
1283,2022-06-20 21:00:00+00:00,20.666664166666667,22.533328333333333,83.48308333333333,2513.92834,2.337495833333333,95.9033325,0.1649925,0,0.05989999999999984,
1284,2022-06-20 22:00:00+00:00,20.1333325,21.989996,86.30816666666666,2507.168885555556,2.3616625,95.9133325,0.1659283333333333,0,0.05989999999999984,
1285,2022-06-20 23:00:00+00:00,20.0,21.79999,,2506.58007,2.34999,,,0,0.05989999999999984,
1286,2022-06-21 00:00:00+00:00,,,,,,,,0,0.013100000000000556,
1287,2022-06-21 01:00:00+00:00,,,,,,,,0,0.013100000000000556,
1288,2022-06-21 02:00:00+00:00,,,,,,,,0,0.013100000000000556,
1289,2022-06-21 03:00:00+00:00,,,,,,,,0,0.013100000000000556,
1290,2022-06-21 04:00:00+00:00,,,,,,,,0,0.013100000000000556,
1291,2022-06-21 05:00:00+00:00,,,,,,,,1,0.013100000000000556,
1292,2022-06-21 06:00:00+00:00,,,,,,,,1,0.013100000000000556,
1293,2022-06-21 07:00:00+00:00,,,,,,,,1,0.013100000000000556,
1294,2022-06-21 08:00:00+00:00,,,,,,,,2,0.013100000000000556,
1295,2022-06-21 09:00:00+00:00,,,,,,,,2,0.013100000000000556,
1296,2022-06-21 10:00:00+00:00,,,,,,,,2,0.013100000000000556,
1297,2022-06-21 11:00:00+00:00,,,,,,,,3,0.013100000000000556,
1298,2022-06-21 12:00:00+00:00,28.455554444444445,25.39999777777778,63.244,2522.954475555556,2.4547733333333337,95.66221888888887,0.1646411111111111,0,0.013100000000000556,
1299,2022-06-21 13:00:00+00:00,28.499995833333333,25.69166583333333,61.9745,2523.9374758333333,2.4103275,95.624995,0.1638733333333333,0,0.013100000000000556,
1300,2022-06-21 14:00:00+00:00,28.533326666666667,25.97499666666667,57.77475,2519.3608541666667,2.337244166666667,95.59582916666666,0.1641366666666666,0,0.013100000000000556,
1301,2022-06-21 15:00:00+00:00,27.533328333333333,25.59166083333333,64.63291666666667,2512.5366766666666,2.3759125,95.53999833333334,0.1645041666666666,0,0.013100000000000556,
1302,2022-06-21 16:00:00+00:00,25.98333,25.0416625,66.38333333333334,2502.635799166667,2.2311625,95.53666083333331,0.163265,0,0.013100000000000556,
1303,2022-06-21 17:00:00+00:00,25.141661666666668,24.658329166666665,70.98325,2508.2275133333333,2.26558,95.56665833333334,0.1637725,0,0.013100000000000556,
1304,2022-06-21 18:00:00+00:00,24.23333,24.133329166666663,77.13316666666668,2511.7008016666664,2.334163333333333,95.62999666666668,0.1657866666666666,0,0.013100000000000556,
1305,2022-06-21 19:00:00+00:00,23.241665,23.549995,83.01666666666667,2513.246659166666,2.36458,95.64832916666668,0.1661316666666666,0,0.013100000000000556,
1306,2022-06-21 20:00:00+00:00,27.991665,,43.649,,1.6504941666666666,93.92749666666668,,0,0.013100000000000556,
1307,2022-06-21 21:00:00+00:00,27.99999833333333,,43.66566666666666,,1.6523316666666668,93.91999,,0,0.013100000000000556,
1308,2022-06-21 22:00:00+00:00,,,,,,,,0,0.013100000000000556,
1309,2022-06-21 23:00:00+00:00,,,,,,,,0,0.013100000000000556,
1310,2022-06-22 00:00:00+00:00,,,,,,,,0,-0.3144999999999998,
1311,2022-06-22 01:00:00+00:00,,,,,,,,0,-0.3144999999999998,
1312,2022-06-22 02:00:00+00:00,,,,,,,,0,-0.3144999999999998,
1313,2022-06-22 03:00:00+00:00,,,,,,,,0,-0.3144999999999998,
1314,2022-06-22 04:00:00+00:00,,,,,,,,0,-0.3144999999999998,
1315,2022-06-22 05:00:00+00:00,,,,,,,,0,-0.3144999999999998,
1316,2022-06-22 06:00:00+00:00,,,,,,,,0,-0.3144999999999998,
1317,2022-06-22 07:00:00+00:00,,,,,,,,1,-0.3144999999999998,
1318,2022-06-22 08:00:00+00:00,,,,,,,,1,-0.3144999999999998,
1319,2022-06-22 09:00:00+00:00,,,,,,,,1,-0.3144999999999998,
1320,2022-06-22 10:00:00+00:00,,,,,,,,2,-0.3144999999999998,
1321,2022-06-22 11:00:00+00:00,,,,,,,,2,-0.3144999999999998,
1322,2022-06-22 12:00:00+00:00,,,,,,,,2,-0.3144999999999998,
1323,2022-06-22 13:00:00+00:00,,,,,,,,3,-0.3144999999999998,
1324,2022-06-22 14:00:00+00:00,,,,,,,,3,-0.3144999999999998,
1325,2022-06-22 15:00:00+00:00,,,,,,,,3,-0.3144999999999998,
1326,2022-06-22 16:00:00+00:00,,,,,,,,4,-0.3144999999999998,
1327,2022-06-22 17:00:00+00:00,,,,,,,,4,-0.3144999999999998,
1328,2022-06-22 18:00:00+00:00,,,,,,,,4,-0.3144999999999998,
1329,2022-06-22 19:00:00+00:00,,,,,,,,5,-0.3144999999999998,
1330,2022-06-22 20:00:00+00:00,,,,,,,,5,-0.3144999999999998,
1331,2022-06-22 21:00:00+00:00,,,,,,,,5,-0.3144999999999998,
1332,2022-06-22 22:00:00+00:00,,,,,,,,6,-0.3144999999999998,
1333,2022-06-22 23:00:00+00:00,,,,,,,,6,-0.3144999999999998,
1334,2022-06-23 00:00:00+00:00,,,,,,,,6,-0.3144999999999998,
1335,2022-06-23 01:00:00+00:00,,,,,,,,6,-0.3144999999999998,
1336,2022-06-23 02:00:00+00:00,,,,,,,,6,-0.3144999999999998,
1337,2022-06-23 03:00:00+00:00,,,,,,,,6,-0.3144999999999998,
1338,2022-06-23 04:00:00+00:00,,,,,,,,6,-0.3144999999999998,
1339,2022-06-23 05:00:00+00:00,,,,,,,,6,-0.3144999999999998,
1340,2022-06-23 06:00:00+00:00,,,,,,,,6,-0.3144999999999998,
1341,2022-06-23 07:00:00+00:00,,,,,,,,6,-0.3144999999999998,
1342,2022-06-23 08:00:00+00:00,,,,,,,,6,-0.3144999999999998,
1343,2022-06-23 09:00:00+00:00,,,,,,,,6,-0.3144999999999998,
1344,2022-06-23 10:00:00+00:00,,,,,,,,6,-0.3144999999999998,
1345,2022-06-23 11:00:00+00:00,,,,,,,,6,-0.3144999999999998,
1346,2022-06-23 12:00:00+00:00,,,,,,,,6,-0.3144999999999998,
1347,2022-06-23 13:00:00+00:00,,,,,,,,6,-0.3144999999999998,
1348,2022-06-23 14:00:00+00:00,,,,,,,,6,-0.3144999999999998,
1349,2022-06-23 15:00:00+00:00,,,,,,,,6,-0.3144999999999998,
1350,2022-06-23 16:00:00+00:00,,,,,,,,6,-0.3144999999999998,
1351,2022-06-23 17:00:00+00:00,,,,,,,,6,-0.3144999999999998,
1352,2022-06-23 18:00:00+00:00,,,,,,,,6,-0.3144999999999998,
1353,2022-06-23 19:00:00+00:00,,,,,,,,6,-0.3144999999999998,
1354,2022-06-23 20:00:00+00:00,,,,,,,,6,-0.3144999999999998,
1355,2022-06-23 21:00:00+00:00,,,,,,,,6,-0.3144999999999998,
1356,2022-06-23 22:00:00+00:00,,,,,,,,6,-0.3144999999999998,
1357,2022-06-23 23:00:00+00:00,,,,,,,,6,-0.3144999999999998,
1358,2022-06-24 00:00:00+00:00,,,,,,,,6,-0.3144999999999998,
1359,2022-06-24 01:00:00+00:00,,,,,,,,6,-0.3144999999999998,
1360,2022-06-24 02:00:00+00:00,,,,,,,,6,-0.3144999999999998,
1361,2022-06-24 03:00:00+00:00,,,,,,,,6,-0.3144999999999998,
1362,2022-06-24 04:00:00+00:00,,,,,,,,6,-0.3144999999999998,
1363,2022-06-24 05:00:00+00:00,,,,,,,,6,-0.3144999999999998,
1364,2022-06-24 06:00:00+00:00,,,,,,,,6,-0.3144999999999998,
1365,2022-06-24 07:00:00+00:00,,,,,,,,6,-0.3144999999999998,
1366,2022-06-24 08:00:00+00:00,,,,,,,,6,-0.3144999999999998,
1367,2022-06-24 09:00:00+00:00,,,,,,,,6,-0.3144999999999998,
1368,2022-06-24 10:00:00+00:00,,,,,,,,6,-0.3144999999999998,
1369,2022-06-24 11:00:00+00:00,,,,,,,,6,-0.3144999999999998,
1370,2022-06-24 12:00:00+00:00,,,,,,,,6,-0.3144999999999998,
1371,2022-06-24 13:00:00+00:00,,,,,,,,6,-0.3144999999999998,
1372,2022-06-24 14:00:00+00:00,,,,,,,,6,-0.3144999999999998,
1373,2022-06-24 15:00:00+00:00,,,,,,,,6,-0.3144999999999998,
1374,2022-06-24 16:00:00+00:00,,,,,,,,6,-0.3144999999999998,
1375,2022-06-24 17:00:00+00:00,,,,,,,,6,-0.3144999999999998,
1376,2022-06-24 18:00:00+00:00,,,,,,,,6,-0.3144999999999998,
1377,2022-06-24 19:00:00+00:00,,,,,,,,6,-0.3144999999999998,
1378,2022-06-24 20:00:00+00:00,,,,,,,,6,-0.3144999999999998,
1379,2022-06-24 21:00:00+00:00,,,,,,,,6,-0.3144999999999998,
1380,2022-06-24 22:00:00+00:00,,,,,,,,6,-0.3144999999999998,
1381,2022-06-24 23:00:00+00:00,,,,,,,,6,-0.3144999999999998,
1382,2022-06-25 00:00:00+00:00,,,,,,,,6,-0.3144999999999998,
1383,2022-06-25 01:00:00+00:00,,,,,,,,6,-0.3144999999999998,
1384,2022-06-25 02:00:00+00:00,,,,,,,,6,-0.3144999999999998,
1385,2022-06-25 03:00:00+00:00,,,,,,,,6,-0.3144999999999998,
1386,2022-06-25 04:00:00+00:00,,,,,,,,6,-0.3144999999999998,
1387,2022-06-25 05:00:00+00:00,,,,,,,,6,-0.3144999999999998,
1388,2022-06-25 06:00:00+00:00,,,,,,,,6,-0.3144999999999998,
1389,2022-06-25 07:00:00+00:00,,,,,,,,6,-0.3144999999999998,
1390,2022-06-25 08:00:00+00:00,,,,,,,,6,-0.3144999999999998,
1391,2022-06-25 09:00:00+00:00,,,,,,,,6,-0.3144999999999998,
1392,2022-06-25 10:00:00+00:00,,,,,,,,6,-0.3144999999999998,
1393,2022-06-25 11:00:00+00:00,,,,,,,,6,-0.3144999999999998,
1394,2022-06-25 12:00:00+00:00,,,,,,,,6,-0.3144999999999998,
1395,2022-06-25 13:00:00+00:00,,,,,,,,6,-0.3144999999999998,
1396,2022-06-25 14:00:00+00:00,,,,,,,,6,-0.3144999999999998,
1397,2022-06-25 15:00:00+00:00,,,,,,,,6,-0.3144999999999998,
1398,2022-06-25 16:00:00+00:00,,,,,,,,6,-0.3144999999999998,
1399,2022-06-25 17:00:00+00:00,,,,,,,,6,-0.3144999999999998,
1400,2022-06-25 18:00:00+00:00,,,,,,,,6,-0.3144999999999998,
1401,2022-06-25 19:00:00+00:00,,,,,,,,6,-0.3144999999999998,
1402,2022-06-25 20:00:00+00:00,,,,,,,,6,-0.3144999999999998,
1403,2022-06-25 21:00:00+00:00,,,,,,,,6,-0.3144999999999998,
1404,2022-06-25 22:00:00+00:00,,,,,,,,6,-0.3144999999999998,
1405,2022-06-25 23:00:00+00:00,,,,,,,,6,-0.3144999999999998,
1406,2022-06-26 00:00:00+00:00,,,,,,,,6,-0.3144999999999998,
1407,2022-06-26 01:00:00+00:00,,,,,,,,6,-0.3144999999999998,
1408,2022-06-26 02:00:00+00:00,,,,,,,,6,-0.3144999999999998,
1409,2022-06-26 03:00:00+00:00,,,,,,,,6,-0.3144999999999998,
1410,2022-06-26 04:00:00+00:00,,,,,,,,6,-0.3144999999999998,
1411,2022-06-26 05:00:00+00:00,,,,,,,,6,-0.3144999999999998,
1412,2022-06-26 06:00:00+00:00,,,,,,,,6,-0.3144999999999998,
1413,2022-06-26 07:00:00+00:00,,,,,,,,6,-0.3144999999999998,
1414,2022-06-26 08:00:00+00:00,,,,,,,,6,-0.3144999999999998,
1415,2022-06-26 09:00:00+00:00,,,,,,,,6,-0.3144999999999998,
1416,2022-06-26 10:00:00+00:00,,,,,,,,6,-0.3144999999999998,
1417,2022-06-26 11:00:00+00:00,,,,,,,,6,-0.3144999999999998,
1418,2022-06-26 12:00:00+00:00,,,,,,,,6,-0.3144999999999998,
1419,2022-06-26 13:00:00+00:00,,,,,,,,6,-0.3144999999999998,
1420,2022-06-26 14:00:00+00:00,,,,,,,,6,-0.3144999999999998,
1421,2022-06-26 15:00:00+00:00,,,,,,,,6,-0.3144999999999998,
1422,2022-06-26 16:00:00+00:00,,,,,,,,6,-0.3144999999999998,
1423,2022-06-26 17:00:00+00:00,,,,,,,,6,-0.3144999999999998,
1424,2022-06-26 18:00:00+00:00,,,,,,,,6,-0.3144999999999998,
1425,2022-06-26 19:00:00+00:00,,,,,,,,6,-0.3144999999999998,
1426,2022-06-26 20:00:00+00:00,,,,,,,,6,-0.3144999999999998,
1427,2022-06-26 21:00:00+00:00,,,,,,,,6,-0.3144999999999998,
1428,2022-06-26 22:00:00+00:00,,,,,,,,6,-0.3144999999999998,
1429,2022-06-26 23:00:00+00:00,,,,,,,,6,-0.3144999999999998,
1430,2022-06-27 00:00:00+00:00,,,,,,,,6,-0.3144999999999998,
1431,2022-06-27 01:00:00+00:00,,,,,,,,6,-0.3144999999999998,
1432,2022-06-27 02:00:00+00:00,,,,,,,,6,-0.3144999999999998,
1433,2022-06-27 03:00:00+00:00,,,,,,,,6,-0.3144999999999998,
1434,2022-06-27 04:00:00+00:00,,,,,,,,6,-0.3144999999999998,
1435,2022-06-27 05:00:00+00:00,,,,,,,,6,-0.3144999999999998,
1436,2022-06-27 06:00:00+00:00,,,,,,,,6,-0.3144999999999998,
1437,2022-06-27 07:00:00+00:00,,,,,,,,6,-0.3144999999999998,
1438,2022-06-27 08:00:00+00:00,,,,,,,,6,-0.3144999999999998,
1439,2022-06-27 09:00:00+00:00,,,,,,,,6,-0.3144999999999998,
1440,2022-06-27 10:00:00+00:00,,,,,,,,6,-0.3144999999999998,
1441,2022-06-27 11:00:00+00:00,,,,,,,,6,-0.3144999999999998,
1442,2022-06-27 12:00:00+00:00,,,,,,,,6,-0.3144999999999998,
1443,2022-06-27 13:00:00+00:00,,,,,,,,6,-0.3144999999999998,
1444,2022-06-27 14:00:00+00:00,,,,,,,,6,-0.3144999999999998,
1445,2022-06-27 15:00:00+00:00,,,,,,,,6,-0.3144999999999998,
1446,2022-06-27 16:00:00+00:00,,,,,,,,6,-0.3144999999999998,
1447,2022-06-27 17:00:00+00:00,,,,,,,,6,-0.3144999999999998,
1448,2022-06-27 18:00:00+00:00,,,,,,,,6,-0.3144999999999998,
1449,2022-06-27 19:00:00+00:00,,,,,,,,6,-0.3144999999999998,
1450,2022-06-27 20:00:00+00:00,,,,,,,,6,-0.3144999999999998,
1451,2022-06-27 21:00:00+00:00,,,,,,,,6,-0.3144999999999998,
1452,2022-06-27 22:00:00+00:00,,,,,,,,6,-0.3144999999999998,
1453,2022-06-27 23:00:00+00:00,,,,,,,,6,-0.3144999999999998,
1454,2022-06-28 00:00:00+00:00,,,,,,,,6,-0.0804999999999998,
1455,2022-06-28 01:00:00+00:00,,,,,,,,6,-0.0804999999999998,
1456,2022-06-28 02:00:00+00:00,,,,,,,,6,-0.0804999999999998,
1457,2022-06-28 03:00:00+00:00,,,,,,,,6,-0.0804999999999998,
1458,2022-06-28 04:00:00+00:00,,,,,,,,6,-0.0804999999999998,
1459,2022-06-28 05:00:00+00:00,,,,,,,,6,-0.0804999999999998,
1460,2022-06-28 06:00:00+00:00,,,,,,,,6,-0.0804999999999998,
1461,2022-06-28 07:00:00+00:00,24.724386585365853,,46.2070243902439,,1.439119512195122,94.70682365853658,,0,-0.0804999999999998,
1462,2022-06-28 08:00:00+00:00,25.027266590909093,,45.39758139534884,,1.439402380952381,94.68863181818182,,0,-0.0804999999999998,
1463,2022-06-28 09:00:00+00:00,25.516665,,44.46666666666667,,1.453137142857143,94.668325,,0,-0.0804999999999998,
1464,2022-06-28 10:00:00+00:00,25.78517703703704,,44.873000000000005,,1.487996923076923,94.63229884615384,,0,-0.0804999999999998,
1465,2022-06-28 11:00:00+00:00,25.839276428571427,,44.94639285714285,,1.4946760714285714,94.60740407407408,,0,-0.0804999999999998,
1466,2022-06-28 12:00:00+00:00,,,,,,,,0,-0.0804999999999998,
1467,2022-06-28 13:00:00+00:00,,,,,,,,0,-0.0804999999999998,
1468,2022-06-28 14:00:00+00:00,,,,,,,,0,-0.0804999999999998,
1469,2022-06-28 15:00:00+00:00,,,,,,,,0,-0.0804999999999998,
1470,2022-06-28 16:00:00+00:00,,,,,,,,0,-0.0804999999999998,
1471,2022-06-28 17:00:00+00:00,,,,,,,,0,-0.0804999999999998,
1472,2022-06-28 18:00:00+00:00,,,,,,,,0,-0.0804999999999998,
1473,2022-06-28 19:00:00+00:00,,,,,,,,0,-0.0804999999999998,
1474,2022-06-28 20:00:00+00:00,,,,,,,,0,-0.0804999999999998,
1475,2022-06-28 21:00:00+00:00,,,,,,,,1,-0.0804999999999998,
1476,2022-06-28 22:00:00+00:00,,,,,,,,1,-0.0804999999999998,
1477,2022-06-28 23:00:00+00:00,,,,,,,,1,-0.0804999999999998,
1478,2022-06-29 00:00:00+00:00,,,,,,,,2,-0.3144999999999998,
1479,2022-06-29 01:00:00+00:00,,,,,,,,2,-0.3144999999999998,
1480,2022-06-29 02:00:00+00:00,,,,,,,,2,-0.3144999999999998,
1481,2022-06-29 03:00:00+00:00,,,,,,,,3,-0.3144999999999998,
1482,2022-06-29 04:00:00+00:00,,,,,,,,3,-0.3144999999999998,
1483,2022-06-29 05:00:00+00:00,,,,,,,,3,-0.3144999999999998,
1484,2022-06-29 06:00:00+00:00,,,,,,,,4,-0.3144999999999998,
1485,2022-06-29 07:00:00+00:00,,,,,,,,4,-0.3144999999999998,
1486,2022-06-29 08:00:00+00:00,,,,,,,,4,-0.3144999999999998,
1487,2022-06-29 09:00:00+00:00,,,,,,,,5,-0.3144999999999998,
1488,2022-06-29 10:00:00+00:00,,,,,,,,5,-0.3144999999999998,
1489,2022-06-29 11:00:00+00:00,,,,,,,,5,-0.3144999999999998,
1490,2022-06-29 12:00:00+00:00,,,,,,,,6,-0.3144999999999998,
1491,2022-06-29 13:00:00+00:00,,,,,,,,6,-0.3144999999999998,
1492,2022-06-29 14:00:00+00:00,,,,,,,,6,-0.3144999999999998,
1493,2022-06-29 15:00:00+00:00,,,,,,,,6,-0.3144999999999998,
1494,2022-06-29 16:00:00+00:00,,,,,,,,6,-0.3144999999999998,
1495,2022-06-29 17:00:00+00:00,,,,,,,,6,-0.3144999999999998,
1496,2022-06-29 18:00:00+00:00,,,,,,,,6,-0.3144999999999998,
1497,2022-06-29 19:00:00+00:00,,,,,,,,6,-0.3144999999999998,
1498,2022-06-29 20:00:00+00:00,,,,,,,,6,-0.3144999999999998,
1499,2022-06-29 21:00:00+00:00,,,,,,,,6,-0.3144999999999998,
1500,2022-06-29 22:00:00+00:00,,,,,,,,6,-0.3144999999999998,
1501,2022-06-29 23:00:00+00:00,,,,,,,,6,-0.3144999999999998,
1502,2022-06-30 00:00:00+00:00,,,,,,,,6,-0.3144999999999998,
1503,2022-06-30 01:00:00+00:00,,,,,,,,6,-0.3144999999999998,
1504,2022-06-30 02:00:00+00:00,,,,,,,,6,-0.3144999999999998,
1505,2022-06-30 03:00:00+00:00,,,,,,,,6,-0.3144999999999998,
1506,2022-06-30 04:00:00+00:00,,,,,,,,6,-0.3144999999999998,
1507,2022-06-30 05:00:00+00:00,,,,,,,,6,-0.3144999999999998,
1508,2022-06-30 06:00:00+00:00,,,,,,,,6,-0.3144999999999998,
1509,2022-06-30 07:00:00+00:00,,,,,,,,6,-0.3144999999999998,
1510,2022-06-30 08:00:00+00:00,,,,,,,,6,-0.3144999999999998,
1511,2022-06-30 09:00:00+00:00,,,,,,,,6,-0.3144999999999998,
1512,2022-06-30 10:00:00+00:00,,,,,,,,6,-0.3144999999999998,
1513,2022-06-30 11:00:00+00:00,,,,,,,,6,-0.3144999999999998,
1514,2022-06-30 12:00:00+00:00,,,,,,,,6,-0.3144999999999998,
1515,2022-06-30 13:00:00+00:00,,,,,,,,6,-0.3144999999999998,
1516,2022-06-30 14:00:00+00:00,,,,,,,,6,-0.3144999999999998,
1517,2022-06-30 15:00:00+00:00,,,,,,,,6,-0.3144999999999998,
1518,2022-06-30 16:00:00+00:00,,,,,,,,6,-0.3144999999999998,
1519,2022-06-30 17:00:00+00:00,,,,,,,,6,-0.3144999999999998,
1520,2022-06-30 18:00:00+00:00,,,,,,,,6,-0.3144999999999998,
1521,2022-06-30 19:00:00+00:00,,,,,,,,6,-0.3144999999999998,
1522,2022-06-30 20:00:00+00:00,,,,,,,,6,-0.3144999999999998,
1523,2022-06-30 21:00:00+00:00,,,,,,,,6,-0.3144999999999998,
1524,2022-06-30 22:00:00+00:00,,,,,,,,6,-0.3144999999999998,
1525,2022-06-30 23:00:00+00:00,,,,,,,,6,-0.3144999999999998,
1526,2022-07-01 00:00:00+00:00,,,,,,,,6,-0.3144999999999998,
1527,2022-07-01 01:00:00+00:00,,,,,,,,6,-0.3144999999999998,
1528,2022-07-01 02:00:00+00:00,,,,,,,,6,-0.3144999999999998,
1529,2022-07-01 03:00:00+00:00,,,,,,,,6,-0.3144999999999998,
1530,2022-07-01 04:00:00+00:00,,,,,,,,6,-0.3144999999999998,
1531,2022-07-01 05:00:00+00:00,,,,,,,,6,-0.3144999999999998,
1532,2022-07-01 06:00:00+00:00,,,,,,,,6,-0.3144999999999998,
1533,2022-07-01 07:00:00+00:00,,,,,,,,6,-0.3144999999999998,
1534,2022-07-01 08:00:00+00:00,,,,,,,,6,-0.3144999999999998,
1535,2022-07-01 09:00:00+00:00,,,,,,,,6,-0.3144999999999998,
1536,2022-07-01 10:00:00+00:00,,,,,,,,6,-0.3144999999999998,
1537,2022-07-01 11:00:00+00:00,,,,,,,,6,-0.3144999999999998,
1538,2022-07-01 12:00:00+00:00,,,,,,,,6,-0.3144999999999998,
1539,2022-07-01 13:00:00+00:00,,,,,,,,6,-0.3144999999999998,
1540,2022-07-01 14:00:00+00:00,,,,,,,,6,-0.3144999999999998,
1541,2022-07-01 15:00:00+00:00,,,,,,,,6,-0.3144999999999998,
1542,2022-07-01 16:00:00+00:00,,,,,,,,6,-0.3144999999999998,
1543,2022-07-01 17:00:00+00:00,,,,,,,,6,-0.3144999999999998,
1544,2022-07-01 18:00:00+00:00,,,,,,,,6,-0.3144999999999998,
1545,2022-07-01 19:00:00+00:00,,,,,,,,6,-0.3144999999999998,
1546,2022-07-01 20:00:00+00:00,,,,,,,,6,-0.3144999999999998,
1547,2022-07-01 21:00:00+00:00,,,,,,,,6,-0.3144999999999998,
1548,2022-07-01 22:00:00+00:00,,,,,,,,6,-0.3144999999999998,
1549,2022-07-01 23:00:00+00:00,,,,,,,,6,-0.3144999999999998,
1550,2022-07-02 00:00:00+00:00,,,,,,,,6,-0.3144999999999998,
1551,2022-07-02 01:00:00+00:00,,,,,,,,6,-0.3144999999999998,
1552,2022-07-02 02:00:00+00:00,,,,,,,,6,-0.3144999999999998,
1553,2022-07-02 03:00:00+00:00,,,,,,,,6,-0.3144999999999998,
1554,2022-07-02 04:00:00+00:00,,,,,,,,6,-0.3144999999999998,
1555,2022-07-02 05:00:00+00:00,,,,,,,,6,-0.3144999999999998,
1556,2022-07-02 06:00:00+00:00,,,,,,,,6,-0.3144999999999998,
1557,2022-07-02 07:00:00+00:00,,,,,,,,6,-0.3144999999999998,
1558,2022-07-02 08:00:00+00:00,,,,,,,,6,-0.3144999999999998,
1559,2022-07-02 09:00:00+00:00,,,,,,,,6,-0.3144999999999998,
1560,2022-07-02 10:00:00+00:00,,,,,,,,6,-0.3144999999999998,
1561,2022-07-02 11:00:00+00:00,,,,,,,,6,-0.3144999999999998,
1562,2022-07-02 12:00:00+00:00,,,,,,,,6,-0.3144999999999998,
1563,2022-07-02 13:00:00+00:00,,,,,,,,6,-0.3144999999999998,
1564,2022-07-02 14:00:00+00:00,,,,,,,,6,-0.3144999999999998,
1565,2022-07-02 15:00:00+00:00,,,,,,,,6,-0.3144999999999998,
1566,2022-07-02 16:00:00+00:00,,,,,,,,6,-0.3144999999999998,
1567,2022-07-02 17:00:00+00:00,,,,,,,,6,-0.3144999999999998,
1568,2022-07-02 18:00:00+00:00,,,,,,,,6,-0.3144999999999998,
1569,2022-07-02 19:00:00+00:00,,,,,,,,6,-0.3144999999999998,
1570,2022-07-02 20:00:00+00:00,,,,,,,,6,-0.3144999999999998,
1571,2022-07-02 21:00:00+00:00,,,,,,,,6,-0.3144999999999998,
1572,2022-07-02 22:00:00+00:00,,,,,,,,6,-0.3144999999999998,
1573,2022-07-02 23:00:00+00:00,,,,,,,,6,-0.3144999999999998,
1574,2022-07-03 00:00:00+00:00,,,,,,,,6,-0.3144999999999998,
1575,2022-07-03 01:00:00+00:00,,,,,,,,6,-0.3144999999999998,
1576,2022-07-03 02:00:00+00:00,,,,,,,,6,-0.3144999999999998,
1577,2022-07-03 03:00:00+00:00,,,,,,,,6,-0.3144999999999998,
1578,2022-07-03 04:00:00+00:00,,,,,,,,6,-0.3144999999999998,
1579,2022-07-03 05:00:00+00:00,,,,,,,,6,-0.3144999999999998,
1580,2022-07-03 06:00:00+00:00,,,,,,,,6,-0.3144999999999998,
1581,2022-07-03 07:00:00+00:00,,,,,,,,6,-0.3144999999999998,
1582,2022-07-03 08:00:00+00:00,,,,,,,,6,-0.3144999999999998,
1583,2022-07-03 09:00:00+00:00,,,,,,,,6,-0.3144999999999998,
1584,2022-07-03 10:00:00+00:00,,,,,,,,6,-0.3144999999999998,
1585,2022-07-03 11:00:00+00:00,,,,,,,,6,-0.3144999999999998,
1586,2022-07-03 12:00:00+00:00,,,,,,,,6,-0.3144999999999998,
1587,2022-07-03 13:00:00+00:00,,,,,,,,6,-0.3144999999999998,
1588,2022-07-03 14:00:00+00:00,,,,,,,,6,-0.3144999999999998,
1589,2022-07-03 15:00:00+00:00,,,,,,,,6,-0.3144999999999998,
1590,2022-07-03 16:00:00+00:00,,,,,,,,6,-0.3144999999999998,
1591,2022-07-03 17:00:00+00:00,,,,,,,,6,-0.3144999999999998,
1592,2022-07-03 18:00:00+00:00,,,,,,,,6,-0.3144999999999998,
1593,2022-07-03 19:00:00+00:00,,,,,,,,6,-0.3144999999999998,
1594,2022-07-03 20:00:00+00:00,,,,,,,,6,-0.3144999999999998,
1595,2022-07-03 21:00:00+00:00,,,,,,,,6,-0.3144999999999998,
1596,2022-07-03 22:00:00+00:00,,,,,,,,6,-0.3144999999999998,
1597,2022-07-03 23:00:00+00:00,,,,,,,,6,-0.3144999999999998,
1598,2022-07-04 00:00:00+00:00,,,,,,,,6,-0.3144999999999998,
1599,2022-07-04 01:00:00+00:00,,,,,,,,6,-0.3144999999999998,
1600,2022-07-04 02:00:00+00:00,,,,,,,,6,-0.3144999999999998,
1601,2022-07-04 03:00:00+00:00,,,,,,,,6,-0.3144999999999998,
1602,2022-07-04 04:00:00+00:00,,,,,,,,6,-0.3144999999999998,
1603,2022-07-04 05:00:00+00:00,,,,,,,,6,-0.3144999999999998,
1604,2022-07-04 06:00:00+00:00,,,,,,,,6,-0.3144999999999998,
1605,2022-07-04 07:00:00+00:00,,,,,,,,6,-0.3144999999999998,
1606,2022-07-04 08:00:00+00:00,,,,,,,,6,-0.3144999999999998,
1607,2022-07-04 09:00:00+00:00,,,,,,,,6,-0.3144999999999998,
1608,2022-07-04 10:00:00+00:00,,,,,,,,6,-0.3144999999999998,
1609,2022-07-04 11:00:00+00:00,,,,,,,,6,-0.3144999999999998,
1610,2022-07-04 12:00:00+00:00,,,,,,,,6,-0.3144999999999998,
1611,2022-07-04 13:00:00+00:00,,,,,,,,6,-0.3144999999999998,
1612,2022-07-04 14:00:00+00:00,,,,,,,,6,-0.3144999999999998,
1613,2022-07-04 15:00:00+00:00,,,,,,,,6,-0.3144999999999998,
1614,2022-07-04 16:00:00+00:00,,,,,,,,6,-0.3144999999999998,
1615,2022-07-04 17:00:00+00:00,,,,,,,,6,-0.3144999999999998,
1616,2022-07-04 18:00:00+00:00,,,,,,,,6,-0.3144999999999998,
1617,2022-07-04 19:00:00+00:00,,,,,,,,6,-0.3144999999999998,
1618,2022-07-04 20:00:00+00:00,,,,,,,,6,-0.3144999999999998,
1619,2022-07-04 21:00:00+00:00,,,,,,,,6,-0.3144999999999998,
1620,2022-07-04 22:00:00+00:00,,,,,,,,6,-0.3144999999999998,
1621,2022-07-04 23:00:00+00:00,,,,,,,,6,-0.3144999999999998,
1622,2022-07-05 00:00:00+00:00,,,,,,,,6,-0.3144999999999998,
1623,2022-07-05 01:00:00+00:00,,,,,,,,6,-0.3144999999999998,
1624,2022-07-05 02:00:00+00:00,,,,,,,,6,-0.3144999999999998,
1625,2022-07-05 03:00:00+00:00,,,,,,,,6,-0.3144999999999998,
1626,2022-07-05 04:00:00+00:00,,,,,,,,6,-0.3144999999999998,
1627,2022-07-05 05:00:00+00:00,,,,,,,,6,-0.3144999999999998,
1628,2022-07-05 06:00:00+00:00,,,,,,,,6,-0.3144999999999998,
1629,2022-07-05 07:00:00+00:00,,,,,,,,6,-0.3144999999999998,
1630,2022-07-05 08:00:00+00:00,,,,,,,,6,-0.3144999999999998,
1631,2022-07-05 09:00:00+00:00,,,,,,,,6,-0.3144999999999998,
1632,2022-07-05 10:00:00+00:00,,,,,,,,6,-0.3144999999999998,
1633,2022-07-05 11:00:00+00:00,,,,,,,,6,-0.3144999999999998,
1634,2022-07-05 12:00:00+00:00,,,,,,,,6,-0.3144999999999998,
1635,2022-07-05 13:00:00+00:00,,,,,,,,6,-0.3144999999999998,
1636,2022-07-05 14:00:00+00:00,,,,,,,,6,-0.3144999999999998,
1637,2022-07-05 15:00:00+00:00,,,,,,,,6,-0.3144999999999998,
1638,2022-07-05 16:00:00+00:00,,,,,,,,6,-0.3144999999999998,
1639,2022-07-05 17:00:00+00:00,,,,,,,,6,-0.3144999999999998,
1640,2022-07-05 18:00:00+00:00,,,,,,,,6,-0.3144999999999998,
1641,2022-07-05 19:00:00+00:00,,,,,,,,6,-0.3144999999999998,
1642,2022-07-05 20:00:00+00:00,,,,,,,,6,-0.3144999999999998,
1643,2022-07-05 21:00:00+00:00,,,,,,,,6,-0.3144999999999998,
1644,2022-07-05 22:00:00+00:00,,,,,,,,6,-0.3144999999999998,
1645,2022-07-05 23:00:00+00:00,,,,,,,,6,-0.3144999999999998,
1646,2022-07-06 00:00:00+00:00,,,,,,,,6,-0.3144999999999998,
1647,2022-07-06 01:00:00+00:00,,,,,,,,6,-0.3144999999999998,
1648,2022-07-06 02:00:00+00:00,,,,,,,,6,-0.3144999999999998,
1649,2022-07-06 03:00:00+00:00,,,,,,,,6,-0.3144999999999998,
1650,2022-07-06 04:00:00+00:00,,,,,,,,6,-0.3144999999999998,
1651,2022-07-06 05:00:00+00:00,,,,,,,,6,-0.3144999999999998,
1652,2022-07-06 06:00:00+00:00,,,,,,,,6,-0.3144999999999998,
1653,2022-07-06 07:00:00+00:00,,,,,,,,6,-0.3144999999999998,
1654,2022-07-06 08:00:00+00:00,,,,,,,,6,-0.3144999999999998,
1655,2022-07-06 09:00:00+00:00,,,,,,,,6,-0.3144999999999998,
1656,2022-07-06 10:00:00+00:00,,,,,,,,6,-0.3144999999999998,
1657,2022-07-06 11:00:00+00:00,,,,,,,,6,-0.3144999999999998,
1658,2022-07-06 12:00:00+00:00,,,,,,,,6,-0.3144999999999998,
1659,2022-07-06 13:00:00+00:00,,,,,,,,6,-0.3144999999999998,
1660,2022-07-06 14:00:00+00:00,,,,,,,,6,-0.3144999999999998,
1661,2022-07-06 15:00:00+00:00,,,,,,,,6,-0.3144999999999998,
1662,2022-07-06 16:00:00+00:00,,,,,,,,6,-0.3144999999999998,
1663,2022-07-06 17:00:00+00:00,,,,,,,,6,-0.3144999999999998,
1664,2022-07-06 18:00:00+00:00,,,,,,,,6,-0.3144999999999998,
1665,2022-07-06 19:00:00+00:00,,,,,,,,6,-0.3144999999999998,
1666,2022-07-06 20:00:00+00:00,,,,,,,,6,-0.3144999999999998,
1667,2022-07-06 21:00:00+00:00,,,,,,,,6,-0.3144999999999998,
1668,2022-07-06 22:00:00+00:00,,,,,,,,6,-0.3144999999999998,
1669,2022-07-06 23:00:00+00:00,,,,,,,,6,-0.3144999999999998,
1670,2022-07-07 00:00:00+00:00,,,,,,,,6,-0.3144999999999998,
1671,2022-07-07 01:00:00+00:00,,,,,,,,6,-0.3144999999999998,
1672,2022-07-07 02:00:00+00:00,,,,,,,,6,-0.3144999999999998,
1673,2022-07-07 03:00:00+00:00,,,,,,,,6,-0.3144999999999998,
1674,2022-07-07 04:00:00+00:00,,,,,,,,6,-0.3144999999999998,
1675,2022-07-07 05:00:00+00:00,,,,,,,,6,-0.3144999999999998,
1676,2022-07-07 06:00:00+00:00,,,,,,,,6,-0.3144999999999998,
1677,2022-07-07 07:00:00+00:00,,,,,,,,6,-0.3144999999999998,
1678,2022-07-07 08:00:00+00:00,,,,,,,,6,-0.3144999999999998,
1679,2022-07-07 09:00:00+00:00,,,,,,,,6,-0.3144999999999998,
1680,2022-07-07 10:00:00+00:00,,,,,,,,6,-0.3144999999999998,
1681,2022-07-07 11:00:00+00:00,,,,,,,,6,-0.3144999999999998,
1682,2022-07-07 12:00:00+00:00,,,,,,,,6,-0.3144999999999998,
1683,2022-07-07 13:00:00+00:00,,,,,,,,6,-0.3144999999999998,
1684,2022-07-07 14:00:00+00:00,,,,,,,,6,-0.3144999999999998,
1685,2022-07-07 15:00:00+00:00,,,,,,,,6,-0.3144999999999998,
1686,2022-07-07 16:00:00+00:00,,,,,,,,6,-0.3144999999999998,
1687,2022-07-07 17:00:00+00:00,,,,,,,,6,-0.3144999999999998,
1688,2022-07-07 18:00:00+00:00,,,,,,,,6,-0.3144999999999998,
1689,2022-07-07 19:00:00+00:00,,,,,,,,6,-0.3144999999999998,
1690,2022-07-07 20:00:00+00:00,,,,,,,,6,-0.3144999999999998,
1691,2022-07-07 21:00:00+00:00,,,,,,,,6,-0.3144999999999998,
1692,2022-07-07 22:00:00+00:00,,,,,,,,6,-0.3144999999999998,
1693,2022-07-07 23:00:00+00:00,,,,,,,,6,-0.3144999999999998,
1694,2022-07-08 00:00:00+00:00,,,,,,,,6,-0.2676999999999996,
1695,2022-07-08 01:00:00+00:00,,,,,,,,6,-0.2676999999999996,
1696,2022-07-08 02:00:00+00:00,,,,,,,,6,-0.2676999999999996,
1697,2022-07-08 03:00:00+00:00,,,,,,,,6,-0.2676999999999996,
1698,2022-07-08 04:00:00+00:00,,,,,,,,6,-0.2676999999999996,
1699,2022-07-08 05:00:00+00:00,,,,,,,,6,-0.2676999999999996,
1700,2022-07-08 06:00:00+00:00,,,,,,,,6,-0.2676999999999996,
1701,2022-07-08 07:00:00+00:00,,,,,,,,6,-0.2676999999999996,
1702,2022-07-08 08:00:00+00:00,,,,,,,,6,-0.2676999999999996,
1703,2022-07-08 09:00:00+00:00,,,,,,,,6,-0.2676999999999996,
1704,2022-07-08 10:00:00+00:00,27.622222222222224,27.29999,34.25555555555555,1813.382225555556,1.2667733333333333,95.48999,0.1650177777777778,0,-0.2676999999999996,
1705,2022-07-08 11:00:00+00:00,,,,,,,,0,-0.2676999999999996,
1706,2022-07-08 12:00:00+00:00,,,,,,,,0,-0.2676999999999996,
1707,2022-07-08 13:00:00+00:00,,,,,,,,0,-0.2676999999999996,
1708,2022-07-08 14:00:00+00:00,,,,,,,,0,-0.2676999999999996,
1709,2022-07-08 15:00:00+00:00,,,,,,,,0,-0.2676999999999996,
1710,2022-07-08 16:00:00+00:00,,,,,,,,0,-0.2676999999999996,
1711,2022-07-08 17:00:00+00:00,,,,,,,,0,-0.2676999999999996,
1712,2022-07-08 18:00:00+00:00,,,,,,,,0,-0.2676999999999996,
1713,2022-07-08 19:00:00+00:00,,,,,,,,0,-0.2676999999999996,
1714,2022-07-08 20:00:00+00:00,,,,,,,,1,-0.2676999999999996,
1715,2022-07-08 21:00:00+00:00,,,,,,,,1,-0.2676999999999996,
1716,2022-07-08 22:00:00+00:00,,,,,,,,1,-0.2676999999999996,
1717,2022-07-08 23:00:00+00:00,,,,,,,,2,-0.2676999999999996,
1718,2022-07-09 00:00:00+00:00,,,,,,,,2,-0.3144999999999998,
1719,2022-07-09 01:00:00+00:00,,,,,,,,2,-0.3144999999999998,
1720,2022-07-09 02:00:00+00:00,,,,,,,,3,-0.3144999999999998,
1721,2022-07-09 03:00:00+00:00,,,,,,,,3,-0.3144999999999998,
1722,2022-07-09 04:00:00+00:00,,,,,,,,3,-0.3144999999999998,
1723,2022-07-09 05:00:00+00:00,,,,,,,,4,-0.3144999999999998,
1724,2022-07-09 06:00:00+00:00,,,,,,,,4,-0.3144999999999998,
1725,2022-07-09 07:00:00+00:00,,,,,,,,4,-0.3144999999999998,
1726,2022-07-09 08:00:00+00:00,,,,,,,,5,-0.3144999999999998,
1727,2022-07-09 09:00:00+00:00,,,,,,,,5,-0.3144999999999998,
1728,2022-07-09 10:00:00+00:00,,,,,,,,5,-0.3144999999999998,
1729,2022-07-09 11:00:00+00:00,,,,,,,,6,-0.3144999999999998,
1730,2022-07-09 12:00:00+00:00,,,,,,,,6,-0.3144999999999998,
1731,2022-07-09 13:00:00+00:00,,,,,,,,6,-0.3144999999999998,
1732,2022-07-09 14:00:00+00:00,,,,,,,,6,-0.3144999999999998,
1733,2022-07-09 15:00:00+00:00,,,,,,,,6,-0.3144999999999998,
1734,2022-07-09 16:00:00+00:00,,,,,,,,6,-0.3144999999999998,
1735,2022-07-09 17:00:00+00:00,,,,,,,,6,-0.3144999999999998,
1736,2022-07-09 18:00:00+00:00,,,,,,,,6,-0.3144999999999998,
1737,2022-07-09 19:00:00+00:00,,,,,,,,6,-0.3144999999999998,
1738,2022-07-09 20:00:00+00:00,,,,,,,,6,-0.3144999999999998,
1739,2022-07-09 21:00:00+00:00,,,,,,,,6,-0.3144999999999998,
1740,2022-07-09 22:00:00+00:00,,,,,,,,6,-0.3144999999999998,
1741,2022-07-09 23:00:00+00:00,,,,,,,,6,-0.3144999999999998,
1742,2022-07-10 00:00:00+00:00,,,,,,,,6,-0.3144999999999998,
1743,2022-07-10 01:00:00+00:00,,,,,,,,6,-0.3144999999999998,
1744,2022-07-10 02:00:00+00:00,,,,,,,,6,-0.3144999999999998,
1745,2022-07-10 03:00:00+00:00,,,,,,,,6,-0.3144999999999998,
1746,2022-07-10 04:00:00+00:00,,,,,,,,6,-0.3144999999999998,
1747,2022-07-10 05:00:00+00:00,,,,,,,,6,-0.3144999999999998,
1748,2022-07-10 06:00:00+00:00,,,,,,,,6,-0.3144999999999998,
1749,2022-07-10 07:00:00+00:00,,,,,,,,6,-0.3144999999999998,
1750,2022-07-10 08:00:00+00:00,,,,,,,,6,-0.3144999999999998,
1751,2022-07-10 09:00:00+00:00,,,,,,,,6,-0.3144999999999998,
1752,2022-07-10 10:00:00+00:00,,,,,,,,6,-0.3144999999999998,
1753,2022-07-10 11:00:00+00:00,,,,,,,,6,-0.3144999999999998,
1754,2022-07-10 12:00:00+00:00,,,,,,,,6,-0.3144999999999998,
1755,2022-07-10 13:00:00+00:00,,,,,,,,6,-0.3144999999999998,
1756,2022-07-10 14:00:00+00:00,,,,,,,,6,-0.3144999999999998,
1757,2022-07-10 15:00:00+00:00,,,,,,,,6,-0.3144999999999998,
1758,2022-07-10 16:00:00+00:00,,,,,,,,6,-0.3144999999999998,
1759,2022-07-10 17:00:00+00:00,,,,,,,,6,-0.3144999999999998,
1760,2022-07-10 18:00:00+00:00,,,,,,,,6,-0.3144999999999998,
1761,2022-07-10 19:00:00+00:00,,,,,,,,6,-0.3144999999999998,
1762,2022-07-10 20:00:00+00:00,,,,,,,,6,-0.3144999999999998,
1763,2022-07-10 21:00:00+00:00,,,,,,,,6,-0.3144999999999998,
1764,2022-07-10 22:00:00+00:00,,,,,,,,6,-0.3144999999999998,
1765,2022-07-10 23:00:00+00:00,,,,,,,,6,-0.3144999999999998,
1766,2022-07-11 00:00:00+00:00,,,,,,,,6,-0.3144999999999998,
1767,2022-07-11 01:00:00+00:00,,,,,,,,6,-0.3144999999999998,
1768,2022-07-11 02:00:00+00:00,,,,,,,,6,-0.3144999999999998,
1769,2022-07-11 03:00:00+00:00,,,,,,,,6,-0.3144999999999998,
1770,2022-07-11 04:00:00+00:00,,,,,,,,6,-0.3144999999999998,
1771,2022-07-11 05:00:00+00:00,,,,,,,,6,-0.3144999999999998,
1772,2022-07-11 06:00:00+00:00,,,,,,,,6,-0.3144999999999998,
1773,2022-07-11 07:00:00+00:00,,,,,,,,6,-0.3144999999999998,
1774,2022-07-11 08:00:00+00:00,,,,,,,,6,-0.3144999999999998,
1775,2022-07-11 09:00:00+00:00,,,,,,,,6,-0.3144999999999998,
1776,2022-07-11 10:00:00+00:00,,,,,,,,6,-0.3144999999999998,
1777,2022-07-11 11:00:00+00:00,,,,,,,,6,-0.3144999999999998,
1778,2022-07-11 12:00:00+00:00,,,,,,,,6,-0.3144999999999998,
1779,2022-07-11 13:00:00+00:00,,,,,,,,6,-0.3144999999999998,
1780,2022-07-11 14:00:00+00:00,,,,,,,,6,-0.3144999999999998,
1781,2022-07-11 15:00:00+00:00,,,,,,,,6,-0.3144999999999998,
1782,2022-07-11 16:00:00+00:00,,,,,,,,6,-0.3144999999999998,
1783,2022-07-11 17:00:00+00:00,,,,,,,,6,-0.3144999999999998,
1784,2022-07-11 18:00:00+00:00,,,,,,,,6,-0.3144999999999998,
1785,2022-07-11 19:00:00+00:00,,,,,,,,6,-0.3144999999999998,
1786,2022-07-11 20:00:00+00:00,,,,,,,,6,-0.3144999999999998,
1787,2022-07-11 21:00:00+00:00,,,,,,,,6,-0.3144999999999998,
1788,2022-07-11 22:00:00+00:00,,,,,,,,6,-0.3144999999999998,
1789,2022-07-11 23:00:00+00:00,,,,,,,,6,-0.3144999999999998,
1790,2022-07-12 00:00:00+00:00,,,,,,,,6,-0.3144999999999998,
1791,2022-07-12 01:00:00+00:00,,,,,,,,6,-0.3144999999999998,
1792,2022-07-12 02:00:00+00:00,,,,,,,,6,-0.3144999999999998,
1793,2022-07-12 03:00:00+00:00,,,,,,,,6,-0.3144999999999998,
1794,2022-07-12 04:00:00+00:00,,,,,,,,6,-0.3144999999999998,
1795,2022-07-12 05:00:00+00:00,,,,,,,,6,-0.3144999999999998,
1796,2022-07-12 06:00:00+00:00,,,,,,,,6,-0.3144999999999998,
1797,2022-07-12 07:00:00+00:00,,,,,,,,6,-0.3144999999999998,
1798,2022-07-12 08:00:00+00:00,,,,,,,,6,-0.3144999999999998,
1799,2022-07-12 09:00:00+00:00,,,,,,,,6,-0.3144999999999998,
1800,2022-07-12 10:00:00+00:00,,,,,,,,6,-0.3144999999999998,
1801,2022-07-12 11:00:00+00:00,,,,,,,,6,-0.3144999999999998,
1802,2022-07-12 12:00:00+00:00,,,,,,,,6,-0.3144999999999998,
1803,2022-07-12 13:00:00+00:00,,,,,,,,6,-0.3144999999999998,
1804,2022-07-12 14:00:00+00:00,,,,,,,,6,-0.3144999999999998,
1805,2022-07-12 15:00:00+00:00,,,,,,,,6,-0.3144999999999998,
1806,2022-07-12 16:00:00+00:00,,,,,,,,6,-0.3144999999999998,
1807,2022-07-12 17:00:00+00:00,,,,,,,,6,-0.3144999999999998,
1808,2022-07-12 18:00:00+00:00,,,,,,,,6,-0.3144999999999998,
1809,2022-07-12 19:00:00+00:00,,,,,,,,6,-0.3144999999999998,
1810,2022-07-12 20:00:00+00:00,,,,,,,,6,-0.3144999999999998,
1811,2022-07-12 21:00:00+00:00,,,,,,,,6,-0.3144999999999998,
1812,2022-07-12 22:00:00+00:00,,,,,,,,6,-0.3144999999999998,
1813,2022-07-12 23:00:00+00:00,,,,,,,,6,-0.3144999999999998,
1814,2022-07-13 00:00:00+00:00,,,,,,,,6,-0.3144999999999998,
1815,2022-07-13 01:00:00+00:00,,,,,,,,6,-0.3144999999999998,
1816,2022-07-13 02:00:00+00:00,,,,,,,,6,-0.3144999999999998,
1817,2022-07-13 03:00:00+00:00,,,,,,,,6,-0.3144999999999998,
1818,2022-07-13 04:00:00+00:00,,,,,,,,6,-0.3144999999999998,
1819,2022-07-13 05:00:00+00:00,,,,,,,,6,-0.3144999999999998,
1820,2022-07-13 06:00:00+00:00,,,,,,,,6,-0.3144999999999998,
1821,2022-07-13 07:00:00+00:00,,,,,,,,6,-0.3144999999999998,
1822,2022-07-13 08:00:00+00:00,,,,,,,,6,-0.3144999999999998,
1823,2022-07-13 09:00:00+00:00,,,,,,,,6,-0.3144999999999998,
1824,2022-07-13 10:00:00+00:00,,,,,,,,6,-0.3144999999999998,
1825,2022-07-13 11:00:00+00:00,,,,,,,,6,-0.3144999999999998,
1826,2022-07-13 12:00:00+00:00,,,,,,,,6,-0.3144999999999998,
1827,2022-07-13 13:00:00+00:00,,,,,,,,6,-0.3144999999999998,
1828,2022-07-13 14:00:00+00:00,,,,,,,,6,-0.3144999999999998,
1829,2022-07-13 15:00:00+00:00,,,,,,,,6,-0.3144999999999998,
1830,2022-07-13 16:00:00+00:00,,,,,,,,6,-0.3144999999999998,
1831,2022-07-13 17:00:00+00:00,,,,,,,,6,-0.3144999999999998,
1832,2022-07-13 18:00:00+00:00,,,,,,,,6,-0.3144999999999998,
1833,2022-07-13 19:00:00+00:00,,,,,,,,6,-0.3144999999999998,
1834,2022-07-13 20:00:00+00:00,,,,,,,,6,-0.3144999999999998,
1835,2022-07-13 21:00:00+00:00,,,,,,,,6,-0.3144999999999998,
1836,2022-07-13 22:00:00+00:00,,,,,,,,6,-0.3144999999999998,
1837,2022-07-13 23:00:00+00:00,,,,,,,,6,-0.3144999999999998,
1838,2022-07-14 00:00:00+00:00,,,,,,,,6,-0.3144999999999998,
1839,2022-07-14 01:00:00+00:00,,,,,,,,6,-0.3144999999999998,
1840,2022-07-14 02:00:00+00:00,,,,,,,,6,-0.3144999999999998,
1841,2022-07-14 03:00:00+00:00,,,,,,,,6,-0.3144999999999998,
1842,2022-07-14 04:00:00+00:00,,,,,,,,6,-0.3144999999999998,
1843,2022-07-14 05:00:00+00:00,,,,,,,,6,-0.3144999999999998,
1844,2022-07-14 06:00:00+00:00,,,,,,,,6,-0.3144999999999998,
1845,2022-07-14 07:00:00+00:00,,,,,,,,6,-0.3144999999999998,
1846,2022-07-14 08:00:00+00:00,,,,,,,,6,-0.3144999999999998,
1847,2022-07-14 09:00:00+00:00,,,,,,,,6,-0.3144999999999998,
1848,2022-07-14 10:00:00+00:00,,,,,,,,6,-0.3144999999999998,
1849,2022-07-14 11:00:00+00:00,,,,,,,,6,-0.3144999999999998,
1850,2022-07-14 12:00:00+00:00,,,,,,,,6,-0.3144999999999998,
1851,2022-07-14 13:00:00+00:00,,,,,,,,6,-0.3144999999999998,
1852,2022-07-14 14:00:00+00:00,,,,,,,,6,-0.3144999999999998,
1853,2022-07-14 15:00:00+00:00,,,,,,,,6,-0.3144999999999998,
1854,2022-07-14 16:00:00+00:00,,,,,,,,6,-0.3144999999999998,
1855,2022-07-14 17:00:00+00:00,,,,,,,,6,-0.3144999999999998,
1856,2022-07-14 18:00:00+00:00,,,,,,,,6,-0.3144999999999998,
1857,2022-07-14 19:00:00+00:00,,,,,,,,6,-0.3144999999999998,
1858,2022-07-14 20:00:00+00:00,,,,,,,,6,-0.3144999999999998,
1859,2022-07-14 21:00:00+00:00,,,,,,,,6,-0.3144999999999998,
1860,2022-07-14 22:00:00+00:00,,,,,,,,6,-0.3144999999999998,
1861,2022-07-14 23:00:00+00:00,,,,,,,,6,-0.3144999999999998,
1862,2022-07-15 00:00:00+00:00,,,,,,,,6,0.20030000000000037,
1863,2022-07-15 01:00:00+00:00,,,,,,,,6,0.20030000000000037,
1864,2022-07-15 02:00:00+00:00,,,,,,,,6,0.20030000000000037,
1865,2022-07-15 03:00:00+00:00,,,,,,,,6,0.20030000000000037,
1866,2022-07-15 04:00:00+00:00,,,,,,,,6,0.20030000000000037,
1867,2022-07-15 05:00:00+00:00,,,,,,,,6,0.20030000000000037,
1868,2022-07-15 06:00:00+00:00,,,,,,,,6,0.20030000000000037,
1869,2022-07-15 07:00:00+00:00,,,,,,,,6,0.20030000000000037,
1870,2022-07-15 08:00:00+00:00,,,,,,,,6,0.20030000000000037,
1871,2022-07-15 09:00:00+00:00,29.969995,27.939996,40.9998,2445.208003,1.7345,96.470999,0.1629499999999999,0,0.20030000000000037,
1872,2022-07-15 10:00:00+00:00,31.48332083333333,29.316661666666665,37.87483333333333,2437.844133333333,1.7407491666666666,96.44165916666668,0.1635266666666666,0,0.20030000000000037,
1873,2022-07-15 11:00:00+00:00,32.466654166666665,30.54999583333333,37.12483333333333,2429.206620833333,1.805164166666667,96.4033325,0.1625716666666666,0,0.20030000000000037,
1874,2022-07-15 12:00:00+00:00,33.32497166666666,31.50833,34.27499999999999,2420.2949983333333,1.7343283333333332,96.3974975,0.1627541666666666,0,0.20030000000000037,
1875,2022-07-15 13:00:00+00:00,33.099988333333336,32.33331166666667,34.23308333333333,2413.0891466666667,1.7234983333333334,96.3758275,0.1621033333333333,0,0.20030000000000037,
1876,2022-07-15 14:00:00+00:00,32.624988333333334,31.79166083333333,34.05808333333333,2403.856665,1.6709983333333334,96.369165,0.1626133333333333,0,0.20030000000000037,
1877,2022-07-15 15:00:00+00:00,32.0499725,31.33333,34.95816666666667,2396.799148333333,1.6454950000000002,96.36249916666668,0.1624091666666666,0,0.20030000000000037,
1878,2022-07-15 16:00:00+00:00,31.06666583333333,30.724995,35.44983333333333,2392.975804166667,1.5999141666666663,96.35999833333334,0.1632025,0,0.20030000000000037,
1879,2022-07-15 17:00:00+00:00,29.48333,29.9166625,35.88308333333334,2389.5833491666667,1.4782458333333333,96.3866625,0.1631616666666666,0,0.20030000000000037,
1880,2022-07-15 18:00:00+00:00,28.024995,28.808328333333336,39.05808333333333,2393.1966716666666,1.4740816666666667,96.4266625,0.1620816666666666,0,0.20030000000000037,
1881,2022-07-15 19:00:00+00:00,24.966663333333333,27.32499583333333,53.516333333333336,2391.593318333333,1.6840816666666667,96.46666083333334,0.1632008333333333,0,0.20030000000000037,
1882,2022-07-15 20:00:00+00:00,23.24166166666667,26.141661666666668,70.46658333333333,2394.534989166667,2.2758291666666666,96.51083083333332,0.1632416666666666,0,0.20030000000000037,
1883,2022-07-15 21:00:00+00:00,22.24166166666667,25.29166333333333,76.41633333333333,2405.3591266666667,2.4958316666666667,96.52582333333334,0.1649108333333333,0,0.20030000000000037,
1884,2022-07-15 22:00:00+00:00,21.149996666666667,24.33332916666667,78.86616666666667,2405.6425116666665,2.0733208333333333,96.54166583333334,0.1637508333333333,0,0.20030000000000037,
1885,2022-07-15 23:00:00+00:00,20.166664166666667,23.43333,79.67483333333334,2408.2608391666668,1.8790825,96.56499083333334,0.1653991666666666,0,0.20030000000000037,
1886,2022-07-16 00:00:00+00:00,19.05833,22.4916625,80.40791666666668,2411.303301666667,1.7714133333333333,96.56749,0.1646466666666666,0,1.6051000000000002,14.871523854166668
1887,2022-07-16 01:00:00+00:00,18.124994166666667,21.649995,81.44999999999999,2414.321670833333,1.6936658333333332,96.558325,0.1650745454545454,0,1.6051000000000002,14.871523854166668
1888,2022-07-16 02:00:00+00:00,17.29999666666667,20.866664166666663,82.3665,2417.1133575,1.6260783333333333,96.55333,0.165075,0,1.6051000000000002,14.871523854166668
1889,2022-07-16 03:00:00+00:00,16.74166333333333,20.016661666666668,82.55833333333334,2420.3883416666667,1.5722441666666669,96.5574925,0.1639141666666666,0,1.6051000000000002,14.871523854166668
1890,2022-07-16 04:00:00+00:00,17.274995,19.841663333333333,82.13333333333334,2423.021643333333,1.618915833333333,96.57583,0.1646258333333333,0,1.6051000000000002,14.871523854166668
1891,2022-07-16 05:00:00+00:00,18.5499975,20.20832916666667,88.57475000000001,2424.9250216666665,1.9348316666666667,96.59332416666666,0.165115,0,1.6051000000000002,14.871523854166668
1892,2022-07-16 06:00:00+00:00,22.3583275,21.766663333333337,75.49166666666667,2434.155005,2.0859125,96.59332333333332,0.16487,0,1.6051000000000002,14.871523854166668
1893,2022-07-16 07:00:00+00:00,23.783328333333333,22.94999583333333,54.02475,2438.2908083333336,1.5881625,96.59999083333334,0.1630608333333333,0,1.6051000000000002,14.871523854166668
1894,2022-07-16 08:00:00+00:00,25.2749975,24.29999583333333,46.04999999999999,2435.6258491666667,1.4809150000000002,96.60833166666669,0.1637708333333333,0,1.6051000000000002,14.871523854166668
1895,2022-07-16 09:00:00+00:00,27.94166333333333,25.999995,40.28308333333333,2427.775813333333,1.5146641666666667,96.60999666666667,0.1629783333333333,0,1.6051000000000002,14.871523854166668
1896,2022-07-16 10:00:00+00:00,29.68333,27.566661666666665,36.158166666666666,2422.777501666667,1.5063291666666665,96.6024925,0.1635491666666666,0,1.6051000000000002,14.871523854166668
1897,2022-07-16 11:00:00+00:00,30.80833,28.94999583333333,32.85427272727272,2416.75081,1.4604141666666666,96.6024925,0.1629175,0,1.6051000000000002,14.871523854166668
1898,2022-07-16 12:00:00+00:00,31.31666416666667,30.0916625,32.95816666666666,2411.578305,1.506495,96.59332333333332,0.1627958333333333,0,1.6051000000000002,14.871523854166668
1899,2022-07-16 13:00:00+00:00,31.749995833333333,30.758327500000004,32.37491666666667,2407.4924875,1.5191641666666669,96.59415666666666,0.1620841666666666,0,1.6051000000000002,14.871523854166668
1900,2022-07-16 14:00:00+00:00,31.558331666666664,30.74166166666667,31.90808333333333,2401.0450175,1.480581666666667,96.58999,0.1626525,0,1.6051000000000002,14.871523854166668
1901,2022-07-16 15:00:00+00:00,30.658326666666667,30.33333,29.7915,2394.8341425,1.3138291666666666,96.59332583333332,0.1625108333333333,0,1.6051000000000002,14.871523854166668
1902,2022-07-16 16:00:00+00:00,29.38333083333333,29.63332833333333,30.52483333333333,2392.3208358333336,1.2511633333333334,96.62416333333334,0.1632633333333333,0,1.6051000000000002,14.871523854166668
1903,2022-07-16 17:00:00+00:00,27.516661666666668,28.70832916666667,30.50808333333333,2387.7641566666666,1.3314966666666666,96.65833,0.1619808333333333,0,1.6051000000000002,14.871523854166668
1904,2022-07-16 18:00:00+00:00,25.92499833333333,27.558330833333333,34.65825,2392.900815,1.1570808333333331,96.70082666666669,0.1629183333333333,0,1.6051000000000002,14.871523854166668
1905,2022-07-16 19:00:00+00:00,23.691661666666665,26.1499975,54.59975,2390.774145833333,1.589665,96.74083,0.16249,0,1.6051000000000002,14.871523854166668
1906,2022-07-16 20:00:00+00:00,21.4916625,24.841661666666667,71.45816666666667,2393.1799875,1.8296633333333332,96.78749583333332,0.1633866666666666,0,1.6051000000000002,14.871523854166668
1907,2022-07-16 21:00:00+00:00,19.983329166666667,23.68333,76.25816666666667,2405.036638333333,1.7787475,96.82082833333334,0.1648099999999999,0,1.6051000000000002,14.871523854166668
1908,2022-07-16 22:00:00+00:00,18.924994166666668,22.70832916666667,79.45825,2405.090815,1.736415,96.83416333333334,0.1637508333333333,0,1.6051000000000002,14.871523854166668
1909,2022-07-16 23:00:00+00:00,18.6166625,21.9916625,82.23308333333334,2407.159135833333,1.761665,96.84582416666667,0.1644225,0,1.6051000000000002,14.871523854166668
1910,2022-07-17 00:00:00+00:00,18.37499,21.53333083333333,83.65825,2409.498365833333,1.7669983333333334,96.83582416666668,0.1647483333333333,0,1.6518999999999995,15.271870902777781
1911,2022-07-17 01:00:00+00:00,17.999996666666668,20.966664166666668,83.49991666666666,2411.9624791666665,1.7221666666666666,96.82416083333334,0.1647691666666666,0,1.6518999999999995,15.271870902777781
1912,2022-07-17 02:00:00+00:00,17.2666625,20.3166625,83.75833333333334,2414.0974883333333,1.6473283333333333,96.8374925,0.1649308333333333,0,1.6518999999999995,15.271870902777781
1913,2022-07-17 03:00:00+00:00,16.599996666666666,19.624995833333333,84.93316666666666,2416.8591466666667,1.6039116666666666,96.813325,0.1650941666666666,0,1.6518999999999995,15.271870902777781
1914,2022-07-17 04:00:00+00:00,17.7166625,19.73333,84.37458333333333,2419.1133566666667,1.7064983333333332,96.80915833333334,0.1649325,0,1.6518999999999995,15.271870902777781
1915,2022-07-17 05:00:00+00:00,19.249996666666664,20.30832833333333,88.6,2419.9724908333333,2.100331666666667,96.8141575,0.1662333333333333,0,1.6518999999999995,15.271870902777781
1916,2022-07-17 06:00:00+00:00,22.408328333333333,21.72499666666667,73.87483333333333,2429.3999991666665,2.11358,96.81832583333332,0.1647691666666666,0,1.6518999999999995,15.271870902777781
1917,2022-07-17 07:00:00+00:00,23.62499833333333,22.824995,51.908,2432.8625033333333,1.5121625,96.859995,0.1634258333333333,0,1.6518999999999995,15.271870902777781
1918,2022-07-17 08:00:00+00:00,25.408329166666665,24.399996666666667,45.28283333333333,2429.5749483333334,1.46883,96.8708325,0.1633441666666666,0,1.6518999999999995,15.271870902777781
1919,2022-07-17 09:00:00+00:00,27.591663333333333,26.07499583333333,42.07466666666666,2422.086646666666,1.5538291666666666,96.871665,0.1630183333333333,0,1.6518999999999995,15.271870902777781
1920,2022-07-17 10:00:00+00:00,29.49166333333333,27.624997500000003,39.95,2417.1391758333334,1.6460800000000002,96.88832333333332,0.1625916666666666,0,1.6518999999999995,15.271870902777781
1921,2022-07-17 11:00:00+00:00,30.33333083333333,28.8666625,37.16354545454545,2410.076368181818,1.6054966666666666,96.8849925,0.1629966666666666,0,1.6518999999999995,15.271870902777781
1922,2022-07-17 12:00:00+00:00,31.141661666666668,30.18333,36.07491666666667,2404.470820833333,1.6329141666666669,96.85332916666664,0.1629583333333333,0,1.6518999999999995,15.271870902777781
1923,2022-07-17 13:00:00+00:00,31.77499583333333,30.749995,34.49983333333333,2399.4308208333337,1.61958,96.83635727272728,0.1624083333333333,0,1.6518999999999995,15.271870902777781
1924,2022-07-17 14:00:00+00:00,31.7499925,30.65833333333333,33.93325,2393.025795,1.590244166666667,96.81415666666668,0.1631808333333333,0,1.6518999999999995,15.271870902777781
1925,2022-07-17 15:00:00+00:00,30.99999916666667,30.22499583333333,34.10816666666666,2384.9974933333333,1.5317475,96.79749833333334,0.1625508333333333,0,1.6518999999999995,15.271870902777781
1926,2022-07-17 16:00:00+00:00,30.48333166666667,29.82499583333333,32.883250000000004,2382.3683425,1.432330833333333,96.77915666666668,0.1628966666666666,0,1.6518999999999995,15.271870902777781
1927,2022-07-17 17:00:00+00:00,29.6166625,29.2249975,33.34158333333333,2380.3499916666665,1.3819983333333334,96.78416083333332,0.1626725,0,1.6518999999999995,15.271870902777781
1928,2022-07-17 18:00:00+00:00,28.04166083333333,28.266661666666668,35.40833333333333,2382.370825,1.3391633333333337,96.7974975,0.16255,0,1.6518999999999995,15.271870902777781
1929,2022-07-17 19:00:00+00:00,24.99166333333333,26.90833083333333,47.13316666666666,2379.779965,1.4834975,96.8408275,0.1631225,0,1.6518999999999995,15.271870902777781
1930,2022-07-17 20:00:00+00:00,22.7666625,25.64166333333333,68.81658333333333,2381.1383225,1.9019141666666668,96.88082416666668,0.16428,0,1.6518999999999995,15.271870902777781
1931,2022-07-17 21:00:00+00:00,21.624996666666664,24.7166625,75.85825,2392.557529166667,1.9592483333333333,96.89165833333334,0.1640983333333333,0,1.6518999999999995,15.271870902777781
1932,2022-07-17 22:00:00+00:00,19.799995,23.36666166666667,77.75808333333333,2392.5750075,1.7937475,96.90249916666666,0.1646266666666666,0,1.6518999999999995,15.271870902777781
1933,2022-07-17 23:00:00+00:00,18.266661666666668,22.1166625,81.183,2394.6550441666664,1.70183,96.90166666666669,0.1643608333333333,0,1.6518999999999995,15.271870902777781
1934,2022-07-18 00:00:00+00:00,17.4749975,21.224994166666665,82.9665,2397.4891716666666,1.6549125,96.90166583333333,0.16546,0,1.2773000000000003,17.020063368055556
1935,2022-07-18 01:00:00+00:00,16.958328333333334,20.55832833333333,83.57491666666667,2400.155799166667,1.6144999999999998,96.9008325,0.1647483333333333,0,1.2773000000000003,17.020063368055556
1936,2022-07-18 02:00:00+00:00,16.48333166666667,19.966663333333333,84.26641666666667,2402.9016475000003,1.5790816666666665,96.911665,0.1643016666666666,0,1.2773000000000003,17.020063368055556
1937,2022-07-18 03:00:00+00:00,16.308329166666667,19.32499583333333,85.24983333333333,2405.9066725,1.5817475,96.92666333333334,0.1646258333333333,0,1.2773000000000003,17.020063368055556
1938,2022-07-18 04:00:00+00:00,17.566663333333334,19.566665,83.48308333333333,2407.7391325000003,1.6764975,96.94665916666666,0.1647091666666666,0,1.2773000000000003,17.020063368055556
1939,2022-07-18 05:00:00+00:00,18.791664166666667,20.04166,87.06641666666667,2408.758315833333,1.9849975,96.9416625,0.1648508333333333,0,1.2773000000000003,17.020063368055556
1940,2022-07-18 06:00:00+00:00,22.274996666666667,21.466663333333333,81.4,2416.7791300000004,2.2694141666666665,96.9074975,0.1652366666666666,0,1.2773000000000003,17.020063368055556
1941,2022-07-18 07:00:00+00:00,24.64166333333333,22.841663333333333,56.21641666666667,2421.313289166667,1.7391641666666666,96.88749,0.1638541666666666,0,1.2773000000000003,17.020063368055556
1942,2022-07-18 08:00:00+00:00,27.7916625,24.783330000000003,45.82491666666666,2420.808285833333,1.7111616666666667,96.864165,0.1635491666666666,0,1.2773000000000003,17.020063368055556
1943,2022-07-18 09:00:00+00:00,30.33332916666667,26.716661666666667,42.54958333333333,2410.8891766666666,1.838665,96.8541625,0.1637325,0,1.2773000000000003,17.020063368055556
1944,2022-07-18 10:00:00+00:00,32.116657499999995,28.466663333333333,38.68181818181818,2404.0849975,1.8313308333333331,96.8208275,0.1625899999999999,0,1.2773000000000003,17.020063368055556
1945,2022-07-18 11:00:00+00:00,33.3249875,30.224995,34.74983333333333,2397.659155833333,1.7944941666666667,96.78832833333333,0.1629175,0,1.2773000000000003,17.020063368055556
1946,2022-07-18 12:00:00+00:00,34.291649166666666,31.333331666666663,31.39158333333333,2390.2850091666664,1.6839141666666666,96.75332833333334,0.16308,0,1.2773000000000003,17.020063368055556
1947,2022-07-18 13:00:00+00:00,34.66665583333333,31.76666,31.74983333333333,2385.5675191666664,1.745665,96.70666,0.16247,0,1.2773000000000003,17.020063368055556
1948,2022-07-18 14:00:00+00:00,34.54999,31.72499583333333,30.674916666666668,2379.1158216666668,1.6759983333333333,96.66499833333334,0.1621641666666666,0,1.2773000000000003,17.020063368055556
1949,2022-07-18 15:00:00+00:00,33.73333083333333,31.44999583333333,29.14941666666666,2372.319148333333,1.52808,96.62082666666667,0.1626324999999999,0,1.2773000000000003,17.020063368055556
1950,2022-07-18 16:00:00+00:00,32.416646666666665,30.9166625,28.99983333333333,2369.061680833333,1.3983308333333333,96.56249583333332,0.1625899999999999,0,1.2773000000000003,17.020063368055556
1951,2022-07-18 17:00:00+00:00,31.06666333333333,30.26666416666667,29.63291666666666,2363.95247,1.3366641666666668,96.54583333333332,0.1632241666666666,0,1.2773000000000003,17.020063368055556
1952,2022-07-18 18:00:00+00:00,29.991664166666663,29.349995000000003,32.09975,2368.025815,1.3619141666666668,96.56499083333334,0.1625725,0,1.2773000000000003,17.020063368055556
1953,2022-07-18 19:00:00+00:00,25.2749975,27.149996666666667,51.95808333333333,2365.1074791666665,1.6599958333333331,96.58499416666666,0.1785258333333333,0,1.2773000000000003,17.020063368055556
1954,2022-07-18 20:00:00+00:00,23.24166166666667,26.0916625,72.31658333333333,2367.6475158333333,2.2739966666666667,96.59582333333331,0.1634666666666666,0,1.2773000000000003,17.020063368055556
1955,2022-07-18 21:00:00+00:00,21.67499833333333,24.849995000000003,78.34150000000001,2379.744175833333,2.331745,96.58499166666668,0.165665,0,1.2773000000000003,17.020063368055556
1956,2022-07-18 22:00:00+00:00,20.849991666666668,24.00833,81.675,2379.414159166666,2.353146666666667,96.55832583333334,0.1644433333333333,0,1.2773000000000003,17.020063368055556
1957,2022-07-18 23:00:00+00:00,20.016660833333333,23.1583275,82.12491666666666,2380.886615,1.9208291666666664,96.545,0.1653191666666666,0,1.2773000000000003,17.020063368055556
1958,2022-07-19 00:00:00+00:00,18.9416625,22.283330000000003,82.43325,2383.189123333333,1.80433,96.54333166666667,0.16605,0,1.3240999999999996,17.439367465277783
1959,2022-07-19 01:00:00+00:00,17.6666625,21.2916625,83.71658333333333,2385.564163333333,1.692413333333333,96.53749666666666,0.1649733333333333,0,1.3240999999999996,17.439367465277783
1960,2022-07-19 02:00:00+00:00,16.749998333333334,20.41666083333333,85.22483333333332,2388.386655,1.6234133333333334,96.52165666666669,0.1654191666666666,0,1.3240999999999996,17.439367465277783
1961,2022-07-19 03:00:00+00:00,16.53333,19.9166625,86.03325000000001,2391.2824658333334,1.6155783333333331,96.53249416666668,0.1652775,0,1.3240999999999996,17.439367465277783
1962,2022-07-19 04:00:00+00:00,17.458328333333334,19.941660833333334,85.04966666666665,2393.406653333333,1.6959141666666666,96.56666,0.1651158333333333,0,1.3240999999999996,17.439367465277783
1963,2022-07-19 05:00:00+00:00,18.79999666666667,20.34999583333333,90.09141666666667,2394.7849883333333,2.0782475,96.56999,0.16544,0,1.3240999999999996,17.439367465277783
1964,2022-07-19 06:00:00+00:00,22.624995833333333,21.908329166666665,79.96650000000001,2403.82332,2.277579166666667,96.56915666666669,0.1642608333333333,0,1.3240999999999996,17.439367465277783
1965,2022-07-19 07:00:00+00:00,25.341665000000003,23.249995833333333,55.366416666666666,2409.9158275,1.78208,96.55666083333334,0.1636283333333333,0,1.3240999999999996,17.439367465277783
1966,2022-07-19 08:00:00+00:00,27.283328333333333,24.824996666666667,47.20808333333333,2409.640825,1.71083,96.52416083333334,0.1635683333333333,0,1.3240999999999996,17.439367465277783
1967,2022-07-19 09:00:00+00:00,29.849994166666665,26.599995000000003,42.291333333333334,2402.108333333333,1.7785816666666667,96.49999833333334,0.1632816666666666,0,1.3240999999999996,17.439367465277783
1968,2022-07-19 10:00:00+00:00,31.849995000000003,28.20832833333333,37.9165,2398.116673333333,1.7849975,96.45333,0.1635483333333333,0,1.3240999999999996,17.439367465277783
1969,2022-07-19 11:00:00+00:00,33.624990833333335,29.55833,36.11666666666666,2393.606663333333,1.8950791666666669,96.39832833333332,0.1633641666666666,0,1.3240999999999996,17.439367465277783
1970,2022-07-19 12:00:00+00:00,34.87497166666667,30.624994166666667,32.06641666666667,2387.7791883333334,1.7685808333333333,96.342495,0.1624908333333333,0,1.3240999999999996,17.439367465277783
1971,2022-07-19 13:00:00+00:00,35.43331333333334,31.12499916666667,30.433,2384.7808591666667,1.7567483333333334,96.2916625,0.1625916666666666,0,1.3240999999999996,17.439367465277783
1972,2022-07-19 14:00:00+00:00,35.91666083333333,31.2749925,30.57475,2381.228309166667,1.8099141666666665,96.2341625,0.1635275,0,1.3240999999999996,17.439367465277783
1973,2022-07-19 15:00:00+00:00,35.608310833333334,31.066666666666663,29.43316666666666,2375.5458133333336,1.6971641666666668,96.19166166666668,0.1634683333333333,0,1.3240999999999996,17.439367465277783
1974,2022-07-19 16:00:00+00:00,34.86664833333334,30.749995,30.25808333333333,2372.2116658333334,1.677249166666667,96.1433275,0.1623675,0,1.3240999999999996,17.439367465277783
1975,2022-07-19 17:00:00+00:00,31.43332083333333,29.633329166666663,36.49991666666667,2371.703324166667,1.6690825,96.14332666666668,0.1631408333333333,0,1.3240999999999996,17.439367465277783
1976,2022-07-19 18:00:00+00:00,29.08332833333333,28.63332833333333,40.93325,2379.6291266666667,1.6474133333333334,96.15332916666668,0.1643,0,1.3240999999999996,17.439367465277783
1977,2022-07-19 19:00:00+00:00,26.808330833333333,27.616664166666663,50.19958333333333,2380.0608963636364,1.7612483333333333,96.19832833333334,0.1629374999999999,0,1.3240999999999996,17.439367465277783
1978,2022-07-19 20:00:00+00:00,24.199996666666667,26.408330000000003,69.15436363636364,2377.8625225,2.256745833333333,96.22583333333334,0.1639758333333333,0,1.3240999999999996,17.439367465277783
1979,2022-07-19 21:00:00+00:00,23.14999583333333,25.608329166666667,77.63308333333333,2388.1408225,2.199330833333333,96.23999916666668,0.16426,0,1.3240999999999996,17.439367465277783
1980,2022-07-19 22:00:00+00:00,22.50833083333333,24.924995,81.13333333333334,2386.165033333333,2.2111633333333334,96.28749666666666,0.1659491666666666,0,1.3240999999999996,17.439367465277783
1981,2022-07-19 23:00:00+00:00,22.01666333333333,24.4166625,81.90825,2387.1566916666666,2.1679975,96.3108275,0.1653591666666666,0,1.3240999999999996,17.439367465277783
1982,2022-07-20 00:00:00+00:00,21.3916625,23.8916625,82.54166666666666,2388.347489166667,2.5389133333333334,96.33749416666666,0.1647266666666666,0,5.147499999999999,16.47068961805556
1983,2022-07-20 01:00:00+00:00,21.4583275,23.7,84.25824999999999,2390.3358125,2.152578333333333,96.34416,0.165115,0,5.147499999999999,16.47068961805556
1984,2022-07-20 02:00:00+00:00,21.48333,23.45833,84.08324999999999,2391.43831,2.152746666666667,96.3358275,0.1666824999999999,0,5.147499999999999,16.47068961805556
1985,2022-07-20 03:00:00+00:00,20.716665000000003,22.924994166666668,85.15808333333334,2392.9616658333334,2.613829166666666,96.35749666666668,0.1656225,0,5.147499999999999,16.47068961805556
1986,2022-07-20 04:00:00+00:00,21.0166625,22.858325,90.633,2394.6091675,2.2560808333333333,96.37666,0.1652975,0,5.147499999999999,16.47068961805556
1987,2022-07-20 05:00:00+00:00,22.54166333333333,23.324996666666667,90.7415,2395.053320833333,2.4760775,96.42249833333334,0.1661333333333333,0,5.147499999999999,16.47068961805556
1988,2022-07-20 06:00:00+00:00,24.43333,24.02499416666667,77.33316666666667,2397.664975,2.3633275,96.43833166666668,0.165705,0,5.147499999999999,16.47068961805556
1989,2022-07-20 07:00:00+00:00,26.89166416666667,25.091663333333333,66.39150000000001,2408.207475,2.3487475,96.48332916666668,0.165155,0,5.147499999999999,16.47068961805556
1990,2022-07-20 08:00:00+00:00,26.216661666666667,25.30833,65.39983333333333,2409.265823333333,2.215996666666667,96.529995,0.1651566666666666,0,5.147499999999999,16.47068961805556
1991,2022-07-20 09:00:00+00:00,24.499995,24.566660833333334,79.23308333333333,2410.880039166667,2.4354958333333334,96.562495,0.1648916666666666,0,5.147499999999999,16.47068961805556
1992,2022-07-20 10:00:00+00:00,28.96666083333333,26.6416625,63.74983333333334,2414.70247,2.5401633333333336,96.50999666666668,0.1644624999999999,0,5.147499999999999,16.47068961805556
1993,2022-07-20 11:00:00+00:00,31.349995,28.249997500000003,53.358083333333326,2411.818333333333,2.4445775,96.45499666666667,0.1635075,0,5.147499999999999,16.47068961805556
1994,2022-07-20 12:00:00+00:00,31.949974166666667,28.72499333333333,50.14158333333333,2404.867469166667,2.3430791666666666,96.36249333333336,0.1643,0,5.147499999999999,16.47068961805556
1995,2022-07-20 13:00:00+00:00,30.17499833333333,28.008329166666663,54.34983333333333,2395.746659166666,2.326163333333333,96.3083275,0.1636083333333333,0,5.147499999999999,16.47068961805556
1996,2022-07-20 14:00:00+00:00,28.58332833333333,27.699996666666667,54.7165,2394.3858391666668,2.158495,96.26082916666668,0.1644841666666666,0,5.147499999999999,16.47068961805556
1997,2022-07-20 15:00:00+00:00,27.42499666666667,27.125,58.29991666666666,2396.885005,2.3572441666666664,96.3291625,0.163915,0,5.147499999999999,16.47068961805556
1998,2022-07-20 16:00:00+00:00,25.624995833333333,26.49166333333333,63.8915,2399.6766516666667,2.4663308333333336,96.3299925,0.1646875,0,5.147499999999999,16.47068961805556
1999,2022-07-20 17:00:00+00:00,24.24166333333333,25.633331666666667,75.71666666666667,2406.654150833333,2.358245,96.41832916666668,0.1654191666666666,0,5.147499999999999,16.47068961805556
2000,2022-07-20 18:00:00+00:00,23.33333,24.983329166666667,79.98316666666666,2414.22247,2.2889125,96.549995,0.1680666666666666,0,5.147499999999999,16.47068961805556
2001,2022-07-20 19:00:00+00:00,22.17499666666667,24.14999583333333,84.64166666666667,2416.1741500000003,2.2579116666666668,96.62666083333332,0.1672725,0,5.147499999999999,16.47068961805556
2002,2022-07-20 20:00:00+00:00,21.4333275,23.50833,88.60816666666666,2412.5649775,2.260745833333333,96.657495,0.1662958333333333,0,5.147499999999999,16.47068961805556
2003,2022-07-20 21:00:00+00:00,21.24166333333333,23.233329166666667,89.44975,2421.4458375,2.25733,96.68916,0.16662,0,5.147499999999999,16.47068961805556
2004,2022-07-20 22:00:00+00:00,21.1833325,22.97499583333333,90.1165,2417.6166341666667,2.2618316666666667,96.71833,0.1674133333333333,0,5.147499999999999,16.47068961805556
2005,2022-07-20 23:00:00+00:00,20.883326666666665,22.69166416666667,90.34158333333332,2417.794999166667,2.230745,96.724165,0.1675775,0,5.147499999999999,16.47068961805556
2006,2022-07-21 00:00:00+00:00,20.749994166666667,22.48333083333333,91.1165,2418.05751,2.228664166666667,96.71999833333332,0.1676591666666666,0,17.091299999999997,16.30693400568182
2007,2022-07-21 01:00:00+00:00,20.70833,22.324991666666666,91.31633333333332,2418.443355,2.2285775,96.71082416666668,0.1667841666666666,0,17.091299999999997,16.30693400568182
2008,2022-07-21 02:00:00+00:00,20.458329166666665,22.08333333333333,91.04116666666667,2419.3524941666665,2.1874116666666668,96.6983275,0.16778,0,17.091299999999997,16.30693400568182
2009,2022-07-21 03:00:00+00:00,20.318173636363635,21.91665833333333,91.36354545454549,2420.105810833333,2.180079166666667,96.69332833333334,0.1667808333333333,0,17.091299999999997,16.30693400568182
2010,2022-07-21 04:00:00+00:00,20.458329166666665,21.799991666666667,92.05808333333331,2420.913306666667,2.2127458333333334,96.70999333333332,0.1678216666666666,1,17.091299999999997,16.30693400568182
2011,2022-07-21 05:00:00+00:00,20.8749975,21.874993333333336,92.22475,2421.358314166667,2.2750775,96.73083,0.1670075,1,17.091299999999997,16.30693400568182
2012,2022-07-21 06:00:00+00:00,22.424994166666664,22.483330833333337,91.70825,2421.150038333333,2.4852475,96.74833166666669,0.16766,1,17.091299999999997,16.30693400568182
2013,2022-07-21 07:00:00+00:00,23.80833,23.11666083333333,79.325,2437.4324708333334,2.3362466666666664,96.77415666666668,0.1660063636363636,0,17.091299999999997,16.30693400568182
2014,2022-07-21 08:00:00+00:00,26.341665000000003,24.24166333333333,60.291583333333335,2440.1658466666668,2.2882458333333333,96.7608325,0.1644833333333333,0,17.091299999999997,16.30693400568182
2015,2022-07-21 09:00:00+00:00,27.3999975,25.191662500000003,53.099666666666664,2434.383335,1.996830833333333,96.74583083333334,0.1637116666666666,0,17.091299999999997,16.30693400568182
2016,2022-07-21 10:00:00+00:00,29.3916625,26.433328333333336,51.54975,2432.1024741666665,2.395993333333333,96.72916583333334,0.1639958333333333,0,17.091299999999997,16.30693400568182
2017,2022-07-21 11:00:00+00:00,30.33333083333333,27.391661666666668,45.61641666666667,2427.2674525,2.0479141666666667,96.68999333333332,0.1646866666666666,0,17.091299999999997,16.30693400568182
2018,2022-07-21 12:00:00+00:00,30.67499666666667,27.974995000000003,45.03325,2423.195855833333,2.1229141666666664,96.64082666666668,0.1640366666666666,0,17.091299999999997,16.30693400568182
2019,2022-07-21 13:00:00+00:00,31.2416625,28.4916625,46.36658333333334,2421.474138333333,2.2979975,96.604995,0.1644633333333333,0,17.091299999999997,16.30693400568182
2020,2022-07-21 14:00:00+00:00,31.5166625,28.641666666666666,43.04991666666666,2417.3699708333334,2.213414166666667,96.5824925,0.1635691666666666,0,17.091299999999997,16.30693400568182
2021,2022-07-21 15:00:00+00:00,31.333326666666665,28.59166666666667,44.983000000000004,2411.244991666667,2.293163333333333,96.55582916666668,0.1641366666666666,0,17.091299999999997,16.30693400568182
2022,2022-07-21 16:00:00+00:00,30.441664166666666,28.34166083333333,47.69133333333333,2407.905818333333,2.3974866666666665,96.52999333333334,0.1640775,0,17.091299999999997,16.30693400568182
2023,2022-07-21 17:00:00+00:00,28.558329166666667,27.84999666666667,52.083,2413.9650216666664,2.410634545454545,96.52582333333334,0.1649116666666666,0,17.091299999999997,16.30693400568182
2024,2022-07-21 18:00:00+00:00,26.3499975,26.999996666666664,58.532833333333336,2411.290868333333,2.2204133333333336,96.545,0.1640358333333333,0,17.091299999999997,16.30693400568182
2025,2022-07-21 19:00:00+00:00,24.183329166666667,25.774995,70.31649999999999,2412.675836666667,2.293328333333333,96.5541625,0.165095,0,17.091299999999997,16.30693400568182
2026,2022-07-21 20:00:00+00:00,22.0083275,24.49166333333333,75.73308333333334,2409.201675,2.201248333333333,96.56749,0.1648308333333333,0,17.091299999999997,16.30693400568182
2027,2022-07-21 21:00:00+00:00,20.574996666666667,23.4166625,79.32483333333334,2418.7924966666665,1.9202475,96.56582333333334,0.1643608333333333,0,17.091299999999997,16.30693400568182
2028,2022-07-21 22:00:00+00:00,19.624994166666667,22.641661666666668,82.44983333333332,2416.539995,1.880665,96.54999916666668,0.165155,0,17.091299999999997,16.30693400568182
2029,2022-07-21 23:00:00+00:00,18.949995833333336,21.95833,84.14133333333332,2418.3058233333336,1.8419166666666669,96.53916333333332,0.1652175,0,17.091299999999997,16.30693400568182
2030,2022-07-22 00:00:00+00:00,18.39166416666667,21.42499583333333,84.91658333333334,2420.3799808333333,1.7942475,96.51666083333332,0.1656641666666666,0,1.3240999999999996,16.51520263888889
2031,2022-07-22 01:00:00+00:00,17.858330833333333,20.858328333333333,85.61616666666666,2422.431655833333,1.7485,96.49499583333332,0.1660908333333333,0,1.3240999999999996,16.51520263888889
2032,2022-07-22 02:00:00+00:00,17.474996666666666,20.4083275,86.73325,2424.6033291666668,1.7285,96.46749666666666,0.1663966666666666,0,1.3240999999999996,16.51520263888889
2033,2022-07-22 03:00:00+00:00,17.1666625,19.9499975,87.0745,2426.9274666666665,1.7032491666666667,96.45749,0.1643408333333333,0,1.3240999999999996,16.51520263888889
2034,2022-07-22 04:00:00+00:00,17.474993333333334,19.74166083333333,88.45,2429.3600008333333,1.7658308333333332,96.45999083333334,0.165135,0,1.3240999999999996,16.51520263888889
2035,2022-07-22 05:00:00+00:00,18.93332833333333,20.27499583333333,90.90825,2430.6791550000003,2.0700825000000003,96.44249416666668,0.1651783333333333,0,1.3240999999999996,16.51520263888889
2036,2022-07-22 06:00:00+00:00,22.29166333333333,21.4749975,85.81666666666666,2437.835810833333,2.3037433333333333,96.41999166666666,0.165705,0,1.3240999999999996,16.51520263888889
2037,2022-07-22 07:00:00+00:00,24.24166333333333,22.349995000000003,69.64983333333333,2445.785823333333,2.6010791666666666,96.41332916666666,0.16424,0,1.3240999999999996,16.51520263888889
2038,2022-07-22 08:00:00+00:00,26.48333,23.774995,59.641333333333336,2445.6808233333336,2.1709141666666665,96.399165,0.1646466666666666,0,1.3240999999999996,16.51520263888889
2039,2022-07-22 09:00:00+00:00,28.408328333333333,25.1666625,56.545272727272724,2437.2125,2.2663291666666665,96.38415833333332,0.164545,0,1.3240999999999996,16.51520263888889
2040,2022-07-22 10:00:00+00:00,30.008329166666663,26.41666083333333,53.84125000000001,2432.999996666667,2.345660833333333,96.3541625,0.1641191666666666,0,1.3240999999999996,16.51520263888889
2041,2022-07-22 11:00:00+00:00,30.974996666666662,27.48333,48.791333333333334,2428.100825,2.3489150000000003,96.30726909090907,0.1644841666666666,0,1.3240999999999996,16.51520263888889
2042,2022-07-22 12:00:00+00:00,31.8249975,28.283329166666665,47.5665,2422.0308383333336,2.238911666666666,96.25999333333334,0.1638116666666666,0,1.3240999999999996,16.51520263888889
2043,2022-07-22 13:00:00+00:00,32.86664666666667,28.883329166666663,45.72475,2418.6300025,2.2641633333333333,96.22082666666668,0.1630816666666666,0,1.3240999999999996,16.51520263888889
2044,2022-07-22 14:00:00+00:00,33.04998,29.09166666666667,42.38325,2409.99082,2.2047458333333334,96.18666583333334,0.1638933333333333,0,1.3240999999999996,16.51520263888889
2045,2022-07-22 15:00:00+00:00,33.10832333333334,29.14166416666667,42.59975,2402.3483041666664,2.2994975,96.16332833333333,0.1638125,0,1.3240999999999996,16.51520263888889
2046,2022-07-22 16:00:00+00:00,31.47499583333333,28.758329166666663,48.86649999999999,2397.9000183333333,2.366494166666667,96.12332916666668,0.1640983333333333,0,1.3240999999999996,16.51520263888889
2047,2022-07-22 17:00:00+00:00,29.4916625,28.341664166666664,58.699999999999996,2396.5491691666666,2.42083,96.1374925,0.163935,0,1.3240999999999996,16.51520263888889
2048,2022-07-22 18:00:00+00:00,27.483328333333333,27.574995,55.7245,2400.550818333333,2.1272466666666667,96.16666166666666,0.1643616666666666,0,1.3240999999999996,16.51520263888889
2049,2022-07-22 19:00:00+00:00,25.658328333333333,26.6666625,54.074916666666674,2400.3458208333336,1.7806641666666667,96.24454,0.1641383333333333,0,1.3240999999999996,16.51520263888889
2050,2022-07-22 20:00:00+00:00,25.17499666666667,26.09999583333333,58.61658333333334,2395.2616341666667,1.9543325000000005,96.36666166666669,0.1638933333333333,0,1.3240999999999996,16.51520263888889
2051,2022-07-22 21:00:00+00:00,22.49166166666667,24.816661666666665,75.15825000000001,2403.239150833333,2.5491616666666665,96.43583083333334,0.16479,0,1.3240999999999996,16.51520263888889
2052,2022-07-22 22:00:00+00:00,20.99999333333333,23.858329166666667,81.65825,2400.903335833333,2.323746666666666,96.40165916666666,0.1663341666666666,0,1.3240999999999996,16.51520263888889
2053,2022-07-22 23:00:00+00:00,20.3916625,23.149995,84.89158333333333,2402.1116500000003,2.3223316666666665,96.30916083333334,0.1648316666666666,0,1.3240999999999996,16.51520263888889
2054,2022-07-23 00:00:00+00:00,19.9583275,22.66666083333333,85.5415,2403.568294166667,2.066995,96.27416333333332,0.1648075,0,11.509900000000002,16.215760347222226
2055,2022-07-23 01:00:00+00:00,19.666666666666668,20.408329166666665,86.74125000000001,2205.1049783333333,2.058498333333333,96.28249916666668,0.1664783333333333,0,11.509900000000002,16.215760347222226
2056,2022-07-23 02:00:00+00:00,19.691665,22.00833,87.9165,2406.691665833333,2.17633,96.33249416666666,0.1682491666666666,0,11.509900000000002,16.215760347222226
2057,2022-07-23 03:00:00+00:00,19.499996666666664,21.699996666666667,88.89991666666667,2407.864986666667,2.365745833333333,96.31499583333334,0.1661925,0,11.509900000000002,16.215760347222226
2058,2022-07-23 04:00:00+00:00,19.64166416666667,21.575000000000003,91.35816666666666,2410.2007825,2.438495,96.37832833333334,0.166275,0,11.509900000000002,16.215760347222226
2059,2022-07-23 05:00:00+00:00,20.091661666666667,21.641666666666666,92.22466666666668,2410.3058416666668,2.168995833333333,96.43582916666666,0.1742308333333333,0,11.509900000000002,16.215760347222226
2060,2022-07-23 06:00:00+00:00,20.449995,21.541666666666668,93.52491666666666,2410.844153333333,2.246329166666667,96.47332833333331,0.1413883333333333,0,11.509900000000002,16.215760347222226
2061,2022-07-23 07:00:00+00:00,20.95833083333333,21.6749975,94.71658333333333,2428.4649808333334,2.349660833333333,96.49499583333332,0.1233975,1,11.509900000000002,16.215760347222226
2062,2022-07-23 08:00:00+00:00,22.2749975,22.166659166666665,94.75791666666667,2424.938308333333,2.54408,96.5066625,0.1302366666666666,1,11.509900000000002,16.215760347222226
2063,2022-07-23 09:00:00+00:00,23.67499666666667,22.67499666666667,85.97491666666667,2426.08748,2.510664166666667,96.47749916666668,0.1565875,1,11.509900000000002,16.215760347222226
2064,2022-07-23 10:00:00+00:00,26.36666166666667,23.966663333333333,72.025,2426.224138333333,2.468748333333333,96.475,0.1656458333333333,0,11.509900000000002,16.215760347222226
2065,2022-07-23 11:00:00+00:00,27.591664166666664,25.08332833333333,65.70825,2420.207455,2.423913333333333,96.47416583333334,0.16369,0,11.509900000000002,16.215760347222226
2066,2022-07-23 12:00:00+00:00,28.466664166666664,25.9916625,57.58308333333333,2417.194984166667,2.333744166666667,96.44832583333334,0.1635075,0,11.509900000000002,16.215760347222226
2067,2022-07-23 13:00:00+00:00,28.866664166666663,26.41666333333333,59.458,2414.416661666666,2.358995,96.43666583333334,0.1640575,0,11.509900000000002,16.215760347222226
2068,2022-07-23 14:00:00+00:00,30.4166625,27.249995,52.77491666666667,2412.129205,2.424580833333333,96.4158325,0.1645058333333333,0,11.509900000000002,16.215760347222226
2069,2022-07-23 15:00:00+00:00,29.1999975,26.9916625,55.52466666666667,2406.3324758333333,2.2484125,96.4208275,0.1634666666666666,0,11.509900000000002,16.215760347222226
2070,2022-07-23 16:00:00+00:00,27.56666,26.42499666666667,67.54983333333334,2396.599175833333,2.4849108333333336,96.41499666666664,0.1635283333333333,0,11.509900000000002,16.215760347222226
2071,2022-07-23 17:00:00+00:00,26.774995,26.224995000000003,68.91658333333334,2398.8391683333334,2.424995833333333,96.41582916666664,0.16373,0,11.509900000000002,16.215760347222226
2072,2022-07-23 18:00:00+00:00,26.124995833333333,25.916664166666667,69.48333333333333,2398.2732925,2.3522466666666664,96.44916333333332,0.1643816666666666,0,11.509900000000002,16.215760347222226
2073,2022-07-23 19:00:00+00:00,24.508329166666663,25.28333083333333,74.98316666666666,2395.054153333333,2.3052458333333337,96.499995,0.1650133333333333,0,11.509900000000002,16.215760347222226
2074,2022-07-23 20:00:00+00:00,23.20832916666667,24.666661666666663,78.61633333333334,2394.3742008333334,2.234996666666667,96.539995,0.165725,0,11.509900000000002,16.215760347222226
2075,2022-07-23 21:00:00+00:00,22.091664166666664,24.08332916666667,80.63308333333333,2394.9316366666667,2.144246666666666,96.5591575,0.1643833333333333,0,11.509900000000002,16.215760347222226
2076,2022-07-23 22:00:00+00:00,21.4583275,23.524995,81.88308333333333,2395.7074758333333,2.6005791666666664,96.55582833333334,0.1650958333333333,0,11.509900000000002,16.215760347222226
2077,2022-07-23 23:00:00+00:00,21.10833166666667,23.158329166666665,83.55833333333332,2396.909115833333,2.8436483333333338,96.56249083333334,0.166235,0,11.509900000000002,16.215760347222226
2078,2022-07-24 00:00:00+00:00,20.358329166666667,22.558328333333336,83.69149999999999,2397.592484166667,2.21283,96.55666,0.1645441666666666,0,1.0198,16.337774201388886
2079,2022-07-24 01:00:00+00:00,19.6083325,22.03333083333333,86.49125,2398.8958291666668,1.9726641666666669,96.55083,0.1650125,0,1.0198,16.337774201388886
2080,2022-07-24 02:00:00+00:00,19.341661666666667,21.624995833333333,87.19941666666666,2399.8399625,1.9546641666666664,96.53833166666668,0.1650941666666666,0,1.0198,16.337774201388886
2081,2022-07-24 03:00:00+00:00,18.508329166666663,20.93333,87.02483333333333,2400.949154166666,1.8544166666666664,96.55416083333334,0.1661725,0,1.0198,16.337774201388886
2082,2022-07-24 04:00:00+00:00,18.158331666666665,20.525,89.17483333333332,2402.2832808333333,1.85533,96.56915916666668,0.1670275,0,1.0198,16.337774201388886
2083,2022-07-24 05:00:00+00:00,19.316661666666665,20.841663333333333,92.10816666666668,2402.879165833333,2.1385791666666667,96.57916583333332,0.1658475,0,1.0198,16.337774201388886
2084,2022-07-24 06:00:00+00:00,22.4249975,21.95832916666667,88.19975,2411.1275175,2.3875783333333334,96.56665666666667,0.1663566666666666,1,1.0198,16.337774201388886
2085,2022-07-24 07:00:00+00:00,24.508329166666663,22.89999583333333,76.29158333333334,2425.0474625,2.344745833333333,96.54333083333334,0.1648675,0,1.0198,16.337774201388886
2086,2022-07-24 08:00:00+00:00,26.58332833333333,24.20832916666667,68.91641666666666,2428.38999,2.396663333333333,96.52415666666668,0.1658683333333333,0,1.0198,16.337774201388886
2087,2022-07-24 09:00:00+00:00,28.27499583333333,25.358328333333333,64.85783333333333,2419.1083516666667,2.489578333333333,96.51499666666666,0.1643625,0,1.0198,16.337774201388886
2088,2022-07-24 10:00:00+00:00,29.766661666666668,26.59999833333333,59.999916666666664,2415.8400216666664,2.5093283333333334,96.48583,0.1649116666666666,0,1.0198,16.337774201388886
2089,2022-07-24 11:00:00+00:00,30.6416625,27.68333,53.749750000000006,2412.6058308333336,2.36408,96.44249333333332,0.1648091666666666,0,1.0198,16.337774201388886
2090,2022-07-24 12:00:00+00:00,31.324996666666667,28.766661666666668,52.44991666666666,2408.5724675,2.400913333333333,96.38832916666668,0.1637108333333333,0,1.0198,16.337774201388886
2091,2022-07-24 13:00:00+00:00,31.73333166666667,29.53333166666667,46.874833333333335,2408.8816291666667,2.326493333333333,96.32415916666667,0.1648099999999999,0,1.0198,16.337774201388886
2092,2022-07-24 14:00:00+00:00,31.4916625,28.91666083333333,46.59133333333333,2406.3308066666664,2.323724545454545,96.26166166666668,0.1646866666666666,0,1.0198,16.337774201388886
2093,2022-07-24 15:00:00+00:00,31.45833,28.449994166666663,47.94983333333333,2402.559975,2.3502458333333336,96.20916416666668,0.1644225,0,1.0198,16.337774201388886
2094,2022-07-24 16:00:00+00:00,30.499995833333333,28.133331666666667,53.26666666666667,2401.07332,2.3201625,96.15666166666666,0.1633841666666666,0,1.0198,16.337774201388886
2095,2022-07-24 17:00:00+00:00,29.091660833333336,27.7416625,60.3915,2408.651648333333,2.433828333333333,96.124995,0.16487,0,1.0198,16.337774201388886
2096,2022-07-24 18:00:00+00:00,27.32499833333333,27.033328333333333,61.69141666666667,2399.461645833333,2.2399141666666664,96.13082333333334,0.1646675,0,1.0198,16.337774201388886
2097,2022-07-24 19:00:00+00:00,24.6999975,25.874995,70.97483333333334,2408.1875141666665,2.2067433333333333,96.13999,0.16428,0,1.0198,16.337774201388886
2098,2022-07-24 20:00:00+00:00,22.558329166666667,24.75833,76.0665,2403.0700025,2.38958,96.15833166666664,0.1652766666666666,0,1.0198,16.337774201388886
2099,2022-07-24 21:00:00+00:00,21.308331666666668,23.91666333333333,78.96641666666667,2413.3591466666667,2.201820833333333,96.1674925,0.1647883333333333,0,1.0198,16.337774201388886
2100,2022-07-24 22:00:00+00:00,20.549995,23.19999545454545,81.27475,2410.3633175,1.9643325,96.17416083333336,0.165095,0,1.0198,16.337774201388886
2101,2022-07-24 23:00:00+00:00,19.933330833333333,22.641661666666668,82.87466666666667,2410.2774625,1.9290825,96.17582916666667,0.1657066666666666,0,1.0198,16.337774201388886
2102,2022-07-25 00:00:00+00:00,19.4166625,22.08332916666667,84.47483333333334,2411.525814166667,1.9027466666666664,96.15749583333331,0.1651766666666666,0,1.2773000000000003,16.253466979166667
2103,2022-07-25 01:00:00+00:00,19.0833325,21.666664166666667,86.99133333333333,2412.925004166667,1.920081666666667,96.14082583333334,0.1652366666666666,0,1.2773000000000003,16.253466979166667
2104,2022-07-25 02:00:00+00:00,18.8416575,21.3083275,87.71625,2414.294145,1.9067483333333333,96.33747416666668,0.1658075,0,1.2773000000000003,16.253466979166667
2105,2022-07-25 03:00:00+00:00,18.624999166666665,20.97499583333333,88.16633333333334,2415.3924733333333,1.8915808333333333,96.98325,0.1657458333333333,0,1.2773000000000003,16.253466979166667
2106,2022-07-25 04:00:00+00:00,18.449995,20.683331666666668,88.6665,2417.4399975,1.879665,96.55495,0.1649933333333333,0,1.2773000000000003,16.253466979166667
2107,2022-07-25 05:00:00+00:00,19.699994166666663,20.99166166666667,92.11641666666668,2417.930820833333,2.243665,96.84325833333332,0.1651766666666666,0,1.2773000000000003,16.253466979166667
2108,2022-07-25 06:00:00+00:00,22.4166625,22.02499583333333,87.38316666666667,2427.0716691666667,2.3644108333333334,96.78333083333332,0.1659291666666666,0,1.2773000000000003,16.253466979166667
2109,2022-07-25 07:00:00+00:00,24.44999583333333,22.874995833333333,71.23333333333333,2440.1699791666665,2.3515791666666668,96.68332333333336,0.1649116666666666,0,1.2773000000000003,16.253466979166667
2110,2022-07-25 08:00:00+00:00,26.591663333333333,24.04999666666667,62.558,2443.448338333333,2.403495,96.61665666666666,0.1640158333333333,0,1.2773000000000003,16.253466979166667
2111,2022-07-25 09:00:00+00:00,28.68333,25.45832916666667,57.024750000000004,2432.6049758333334,2.241164166666666,96.466665,0.1632633333333333,0,1.2773000000000003,16.253466979166667
2112,2022-07-25 10:00:00+00:00,30.91666333333333,26.9916625,49.99975,2427.6950225,2.2346625,96.3749725,0.1641391666666666,0,1.2773000000000003,16.253466979166667
2113,2022-07-25 11:00:00+00:00,32.29998666666666,28.14166333333333,47.30825,2420.517491666667,2.3515716666666666,95.962495,0.1633633333333333,0,1.2773000000000003,16.253466979166667
2114,2022-07-25 12:00:00+00:00,32.5416475,28.7416625,41.73316666666666,2408.7724566666666,2.288078333333333,95.90666333333331,0.1648491666666666,0,1.2773000000000003,16.253466979166667
2115,2022-07-25 13:00:00+00:00,31.29999,28.44999333333333,44.18308333333333,2408.3299933333333,2.2124133333333336,95.87666083333336,0.1634266666666666,0,1.2773000000000003,16.253466979166667
2116,2022-07-25 14:00:00+00:00,30.88333,28.674995,47.39158333333333,2405.048334166667,2.45007,95.86166583333332,0.1634258333333333,0,1.2773000000000003,16.253466979166667
2117,2022-07-25 15:00:00+00:00,29.849994166666665,28.274995,47.35825,2395.7816725,2.1729141666666667,95.850825,0.1637516666666666,0,1.2773000000000003,16.253466979166667
2118,2022-07-25 16:00:00+00:00,30.233329166666667,28.574999166666668,44.12491666666667,2394.8050083333333,1.89608,95.8624975,0.1643608333333333,0,1.2773000000000003,16.253466979166667
2119,2022-07-25 17:00:00+00:00,29.15833083333333,28.19999583333333,44.54141666666666,2396.1366733333334,1.8006658333333334,95.8874925,0.1631808333333333,0,1.2773000000000003,16.253466979166667
2120,2022-07-25 18:00:00+00:00,27.3499975,27.233330833333337,48.41633333333333,2391.6224925,1.7602483333333332,95.92083,0.1631216666666666,0,1.2773000000000003,16.253466979166667
2121,2022-07-25 19:00:00+00:00,25.85833,26.399996666666667,53.14958333333334,2398.3416316666667,1.7713308333333335,96.30332166666666,0.1626716666666666,0,1.2773000000000003,16.253466979166667
2122,2022-07-25 20:00:00+00:00,24.79999666666667,25.82499583333333,60.2915,2392.199153333333,1.8854983333333333,96.217495,0.1640358333333333,0,1.2773000000000003,16.253466979166667
2123,2022-07-25 21:00:00+00:00,23.8916625,25.29999666666667,70.99166666666666,2400.178300833333,2.4238291666666667,96.19582833333334,0.1650549999999999,0,1.2773000000000003,16.253466979166667
2124,2022-07-25 22:00:00+00:00,23.133326666666665,24.77499583333333,76.88316666666667,2395.683345,2.1763266666666667,96.2241625,0.1649925,0,1.2773000000000003,16.253466979166667
2125,2022-07-25 23:00:00+00:00,22.408330000000003,24.27499583333333,79.49983333333334,2395.0083175,2.2237433333333336,96.25582916666669,0.1641181818181818,0,1.2773000000000003,16.253466979166667
2126,2022-07-26 00:00:00+00:00,21.3166625,23.54999583333333,79.94983333333333,2395.316665833333,2.3909116666666668,96.291665,0.1657666666666666,0,0.8090999999999999,14.657028888888885
2127,2022-07-26 01:00:00+00:00,20.47499583333333,22.941660833333334,81.34983333333334,2396.3433175,1.9565825,96.2899975,0.16487,0,0.8090999999999999,14.657028888888885
2128,2022-07-26 02:00:00+00:00,20.441660833333334,22.65833333333333,82.75808333333333,2397.4599775,2.110246666666667,96.30416333333334,0.1652166666666666,0,0.8090999999999999,14.657028888888885
2129,2022-07-26 03:00:00+00:00,20.091663333333333,22.25833083333333,83.39991666666666,2397.77917,2.0102466666666667,96.32415833333334,0.1653791666666666,0,0.8090999999999999,14.657028888888885
2130,2022-07-26 04:00:00+00:00,19.374995,21.733329166666667,87.64991666666666,2399.6774858333333,1.9687491666666668,96.30999083333334,0.1663558333333333,0,0.8090999999999999,14.657028888888885
2131,2022-07-26 05:00:00+00:00,19.74545,21.666664166666667,90.69141666666668,2401.3658,2.2369983333333336,96.31416,0.165665,0,0.8090999999999999,14.657028888888885
2132,2022-07-26 06:00:00+00:00,22.041661666666663,22.441665,90.30825,2400.624160833333,2.3922466666666664,96.31665666666667,0.1650116666666666,0,0.8090999999999999,14.657028888888885
2133,2022-07-26 07:00:00+00:00,23.508331666666667,22.99090818181818,80.38308333333333,2417.8808133333337,2.325660833333333,96.30999,0.1649516666666666,0,0.8090999999999999,14.657028888888885
2134,2022-07-26 08:00:00+00:00,23.91666333333333,23.19166416666667,78.34975,2414.9108225,2.3248308333333334,96.30726545454546,0.1650741666666666,0,0.8090999999999999,14.657028888888885
2135,2022-07-26 09:00:00+00:00,25.42499583333333,24.0166625,63.40808333333333,2418.578305,2.2246625,96.3058275,0.1655408333333333,0,0.8090999999999999,14.657028888888885
2136,2022-07-26 10:00:00+00:00,26.61666333333333,25.0333275,58.45783333333333,2415.5232716666665,2.2737154545454548,96.301665,0.1633833333333333,0,0.8090999999999999,14.657028888888885
2137,2022-07-26 11:00:00+00:00,26.08332916666667,24.95832833333333,61.74974999999999,2410.5400133333333,2.2115775,96.27332916666668,0.1644833333333333,0,0.8090999999999999,14.657028888888885
2138,2022-07-26 12:00:00+00:00,28.52499583333333,26.324994166666663,53.78308333333334,2413.3299908333333,2.2632483333333333,96.236665,0.1641983333333333,0,0.8090999999999999,14.657028888888885
2139,2022-07-26 13:00:00+00:00,28.50833,26.783325,52.69166666666667,2412.039994166667,2.1503275,96.19249666666668,0.1646266666666666,0,0.8090999999999999,14.657028888888885
2140,2022-07-26 14:00:00+00:00,28.599995000000003,26.86666,50.79166666666667,2407.6849733333333,2.2134983333333333,96.17916583333334,0.1636891666666666,0,0.8090999999999999,14.657028888888885
2141,2022-07-26 15:00:00+00:00,26.258329166666663,26.00833,56.883166666666675,2399.3099941666665,1.9664975,96.159165,0.1644641666666666,0,0.8090999999999999,14.657028888888885
2142,2022-07-26 16:00:00+00:00,25.72499583333333,25.683329166666667,54.7415,2398.5075016666665,1.8269983333333333,96.130825,0.1642591666666666,0,0.8090999999999999,14.657028888888885
2143,2022-07-26 17:00:00+00:00,24.424994166666664,25.024995,58.949666666666666,2404.2316450000003,1.7946345454545456,96.13544454545456,0.164075,0,0.8090999999999999,14.657028888888885
2144,2022-07-26 18:00:00+00:00,23.466665000000003,24.38333083333333,65.50825,2397.4841475,1.8912483333333332,96.1499975,0.1641366666666666,0,0.8090999999999999,14.657028888888885
2145,2022-07-26 19:00:00+00:00,22.87499833333333,23.9666625,73.825,2394.579138333333,2.4662475,96.169995,0.1650724999999999,0,0.8090999999999999,14.657028888888885
2146,2022-07-26 20:00:00+00:00,21.658329166666665,23.341665000000003,75.43333333333334,2394.243303333333,2.0677475,96.1999925,0.1643008333333333,0,0.8090999999999999,14.657028888888885
2147,2022-07-26 21:00:00+00:00,20.624994166666667,22.733328333333333,77.90825,2394.5524458333334,1.8925791666666667,96.19749333333334,0.1652975,0,0.8090999999999999,14.657028888888885
2148,2022-07-26 22:00:00+00:00,19.70833083333333,22.0916625,80.00816666666667,2395.4524891666665,1.8369975,96.21165916666666,0.1654208333333333,0,0.8090999999999999,14.657028888888885
2149,2022-07-26 23:00:00+00:00,19.716663333333333,21.883323333333333,85.53316666666667,2396.7324791666665,2.0957466666666664,96.20999083333334,0.1643008333333333,0,0.8090999999999999,14.657028888888885
2150,2022-07-27 00:00:00+00:00,19.658328333333333,21.608328333333333,85.633,2397.1449958333333,2.08458,96.20082666666669,0.1647683333333333,0,1.6753999999999998,13.89832920138889
2151,2022-07-27 01:00:00+00:00,17.774996666666667,20.683329166666667,83.84166666666667,2398.009170833333,1.70608,96.1599975,0.1654391666666666,0,1.6753999999999998,13.89832920138889
2152,2022-07-27 02:00:00+00:00,16.658330833333334,19.841663333333333,84.73325,2399.1983391666668,1.6066336363636362,96.12416333333334,0.1664166666666666,0,1.6753999999999998,13.89832920138889
2153,2022-07-27 03:00:00+00:00,15.958330000000002,19.2249975,87.10808333333334,2401.0292091666665,1.5797458333333332,96.777425,0.165115,0,1.6753999999999998,13.89832920138889
2154,2022-07-27 04:00:00+00:00,17.149996666666667,19.408328333333333,92.04975,2403.3650058333333,1.7992466666666669,96.115,0.1657866666666666,0,1.6753999999999998,13.89832920138889
2155,2022-07-27 05:00:00+00:00,18.14166,19.633330833333336,90.24974999999999,2404.568295833333,1.8787466666666663,96.13249416666667,0.1666954545454545,0,1.6753999999999998,13.89832920138889
2156,2022-07-27 06:00:00+00:00,20.874995833333333,20.65833083333333,90.60816666666668,2412.9508016666664,2.3299133333333333,96.14833166666666,0.1652166666666666,0,1.6753999999999998,13.89832920138889
2157,2022-07-27 07:00:00+00:00,22.749997500000003,21.61666166666667,73.99966666666667,2426.6600083333333,2.36983,96.1525,0.1652775,0,1.6753999999999998,13.89832920138889
2158,2022-07-27 08:00:00+00:00,23.5499925,22.39166333333333,62.283166666666666,2428.1366725000003,1.8083291666666668,96.14416083333332,0.164525,0,1.6753999999999998,13.89832920138889
2159,2022-07-27 09:00:00+00:00,25.283329166666665,23.54999666666667,60.01641666666667,2418.604161666666,1.9947458333333328,96.1424925,0.1635883333333333,0,1.6753999999999998,13.89832920138889
2160,2022-07-27 10:00:00+00:00,26.749995833333333,24.6666625,55.72475,2415.55916,2.1091641666666665,96.13665666666668,0.1649133333333333,0,1.6753999999999998,13.89832920138889
2161,2022-07-27 11:00:00+00:00,27.483329166666664,25.53333083333333,52.45825000000001,2410.7924575,2.0109133333333333,96.41663,0.1648291666666666,0,1.6753999999999998,13.89832920138889
2162,2022-07-27 12:00:00+00:00,26.39999583333333,25.45832916666667,57.2665,2402.958328333333,2.066415,96.916625,0.164565,0,1.6753999999999998,13.89832920138889
2163,2022-07-27 13:00:00+00:00,27.516665,25.999995833333333,54.18291666666667,2408.3958283333336,2.056165,96.71666333333332,0.1636491666666666,0,1.6753999999999998,13.89832920138889
2164,2022-07-27 14:00:00+00:00,27.97499833333333,26.15833333333333,54.691250000000004,2405.6382825,2.177496666666667,96.3583325,0.1638316666666666,0,1.6753999999999998,13.89832920138889
2165,2022-07-27 15:00:00+00:00,27.316660833333334,26.008333333333336,53.699666666666666,2401.1607633333333,2.1082466666666666,96.2999725,0.1632433333333333,0,1.6753999999999998,13.89832920138889
2166,2022-07-27 16:00:00+00:00,27.0749975,25.97499583333333,53.11633333333333,2399.833309166667,1.9454966666666669,95.98249583333336,0.1639958333333333,0,1.6753999999999998,13.89832920138889
2167,2022-07-27 17:00:00+00:00,25.25832833333333,25.3499975,52.99966666666667,2396.343299166667,1.7067491666666663,95.97833333333334,0.1634458333333333,0,1.6753999999999998,13.89832920138889
2168,2022-07-27 18:00:00+00:00,24.058329166666667,24.69999583333333,61.39991666666666,2388.036618333333,1.8825808333333327,95.9841625,0.1640366666666666,0,1.6753999999999998,13.89832920138889
2169,2022-07-27 19:00:00+00:00,22.1416625,23.766663333333337,73.66666666666667,2386.550798333333,2.1573266666666666,96.33246583333332,0.164625,0,1.6753999999999998,13.89832920138889
2170,2022-07-27 20:00:00+00:00,19.983330833333333,22.624995833333333,77.59166666666667,2387.544999166667,1.8109958333333331,96.6666,0.1639125,0,1.6753999999999998,13.89832920138889
2171,2022-07-27 21:00:00+00:00,18.94999583333333,21.80833,82.34158333333333,2389.332515,1.8025808333333333,96.26664083333333,0.1637691666666666,0,1.6753999999999998,13.89832920138889
2172,2022-07-27 22:00:00+00:00,18.149996666666667,21.091661666666667,82.84983333333332,2390.7049925,1.7237483333333332,96.61660666666668,0.1653591666666666,0,1.6753999999999998,13.89832920138889
2173,2022-07-27 23:00:00+00:00,17.3416575,20.441660833333334,85.34158333333333,2392.6950025,1.6875816666666663,96.07498833333334,0.1661925,0,1.6753999999999998,13.89832920138889
2174,2022-07-28 00:00:00+00:00,17.158327500000002,20.033329166666665,85.29158333333334,2394.311660833333,1.6692475,95.97083,0.1654808333333333,0,1.6753999999999998,14.442913090277779
2175,2022-07-28 01:00:00+00:00,16.108330833333333,19.266663333333334,84.17483333333334,2395.6466625,1.5406633333333335,95.95332333333332,0.1649316666666666,0,1.6753999999999998,14.442913090277779
2176,2022-07-28 02:00:00+00:00,15.291665,18.5083275,85.675,2397.122474166667,1.4865808333333332,95.94666,0.1649733333333333,0,1.6753999999999998,14.442913090277779
2177,2022-07-28 03:00:00+00:00,15.483330833333332,18.24166166666667,87.658,2398.8474708333333,1.5423308333333334,95.96832666666668,0.1652575,0,1.6753999999999998,14.442913090277779
2178,2022-07-28 04:00:00+00:00,15.8499975,18.14166583333333,87.39125,2401.090875,1.5727458333333333,96.74909083333334,0.1654408333333333,0,1.6753999999999998,14.442913090277779
2179,2022-07-28 05:00:00+00:00,17.391660833333333,18.666661666666663,90.79158333333334,2402.209163333333,1.8051658333333331,96.49995416666668,0.1659283333333333,0,1.6753999999999998,14.442913090277779
2180,2022-07-28 06:00:00+00:00,20.633330833333336,19.983330833333333,91.21666666666668,2412.641658333333,2.3178283333333334,95.9858325,0.1650733333333333,1,1.6753999999999998,14.442913090277779
2181,2022-07-28 07:00:00+00:00,22.841661666666667,20.999994166666667,74.65833333333333,2429.303339166667,2.267580833333333,95.97583333333334,0.16485,0,1.6753999999999998,14.442913090277779
2182,2022-07-28 08:00:00+00:00,24.25833,21.974996666666662,64.725,2433.3883416666667,2.0572466666666664,95.96916583333332,0.1645858333333333,0,1.6753999999999998,14.442913090277779
2183,2022-07-28 09:00:00+00:00,25.949995,23.058329166666667,58.333083333333335,2423.112541666667,1.9944958333333331,95.96082833333332,0.164075,0,1.6753999999999998,14.442913090277779
2184,2022-07-28 10:00:00+00:00,27.38333,24.149996666666667,55.19958333333334,2421.660804166667,2.081414166666667,95.91916416666668,0.1633425,0,1.6753999999999998,14.442913090277779
2185,2022-07-28 11:00:00+00:00,28.774996666666667,25.36666166666667,51.583083333333335,2417.30745,2.36108,95.87999333333336,0.1640575,0,1.6753999999999998,14.442913090277779
2186,2022-07-28 12:00:00+00:00,29.20833,26.13332833333333,46.65824999999999,2412.220801666667,1.94033,95.86083166666668,0.16426,0,1.6753999999999998,14.442913090277779
2187,2022-07-28 13:00:00+00:00,28.783328333333333,26.308325,47.64991666666667,2410.050818333333,1.884915,95.82249166666666,0.1636508333333333,0,1.6753999999999998,14.442913090277779
2188,2022-07-28 14:00:00+00:00,28.5833275,26.149998333333333,49.37466666666667,2405.74082,1.9703283333333332,95.76999666666669,0.1644833333333333,0,1.6753999999999998,14.442913090277779
2189,2022-07-28 15:00:00+00:00,27.97499583333333,25.999996666666664,53.58316666666667,2399.308305833333,2.12583,95.77499,0.1630183333333333,0,1.6753999999999998,14.442913090277779
2190,2022-07-28 16:00:00+00:00,26.966663333333333,25.824994166666663,51.32458333333333,2395.5741725000003,1.8456633333333332,95.79332833333336,0.16371,0,1.6753999999999998,14.442913090277779
2191,2022-07-28 17:00:00+00:00,26.291664166666667,25.5333275,56.32475,2391.3724925,2.024915,95.84499583333331,0.1641783333333333,0,1.6753999999999998,14.442913090277779
2192,2022-07-28 18:00:00+00:00,24.67499583333333,24.849996666666662,64.70791666666666,2385.8566841666666,2.037663333333333,95.92082750000002,0.1638533333333333,0,1.6753999999999998,14.442913090277779
2193,2022-07-28 19:00:00+00:00,22.00833083333333,23.816662500000003,76.28325000000001,2385.1149458333334,2.39474,96.261655,0.1653983333333333,0,1.6753999999999998,14.442913090277779
2194,2022-07-28 20:00:00+00:00,20.249999166666665,22.79999833333333,80.91658333333332,2385.8499908333333,1.9196625,96.51247166666668,0.1650141666666666,0,1.6753999999999998,14.442913090277779
2195,2022-07-28 21:00:00+00:00,19.70833,22.224996666666662,86.05808333333333,2387.4100083333333,1.9927491666666668,96.13415833333332,0.1657458333333333,0,1.6753999999999998,14.442913090277779
2196,2022-07-28 22:00:00+00:00,19.649998333333333,21.91666333333333,87.63308333333333,2388.4799958333333,2.1432475,96.1399925,0.1658283333333333,0,1.6753999999999998,14.442913090277779
2197,2022-07-28 23:00:00+00:00,19.324994166666663,21.499995833333333,86.9665,2389.29913,1.9453308333333328,96.55245666666669,0.1649325,0,1.6753999999999998,14.442913090277779
2198,2022-07-29 00:00:00+00:00,18.90833,21.116664166666663,87.34991666666666,2390.231663333333,1.905995833333333,96.85081666666667,0.1655833333333333,0,9.222099999999998,14.372029047619048
2199,2022-07-29 01:00:00+00:00,18.699996666666667,20.84999,88.66666666666667,2390.7633025,1.9111641666666663,96.88329916666667,0.1658666666666667,0,9.222099999999998,14.372029047619048
2200,2022-07-29 02:00:00+00:00,18.7999925,20.699998333333333,89.85833333333333,2391.338353333333,1.948665,96.35083000000002,0.1656858333333333,0,9.222099999999998,14.372029047619048
2201,2022-07-29 03:00:00+00:00,18.5666625,20.43332833333333,90.12474999999999,2391.297520833333,1.9247475,96.62830666666667,0.1670266666666666,0,9.222099999999998,14.372029047619048
2202,2022-07-29 04:00:00+00:00,18.366656666666668,20.183331666666668,91.033,2392.3024666666665,1.91933,96.40997083333332,0.1662333333333333,0,9.222099999999998,14.372029047619048
2203,2022-07-29 05:00:00+00:00,18.69166583333333,20.1583325,92.39150000000001,2393.34749,2.1366666666666667,96.14166,0.1675375,1,9.222099999999998,14.372029047619048
2204,2022-07-29 06:00:00+00:00,20.199995,20.699994166666663,94.06666666666668,2392.7349816666665,2.287494166666667,96.1799975,0.1657866666666666,1,9.222099999999998,14.372029047619048
2205,2022-07-29 07:00:00+00:00,22.316662500000003,21.549995,89.20808333333333,2417.3416316666667,2.3990791666666667,96.19332833333334,0.166905,1,9.222099999999998,14.372029047619048
2206,2022-07-29 08:00:00+00:00,23.30832833333333,22.03333166666667,77.99158333333334,2422.8607966666664,2.2312458333333334,96.20249166666667,0.1656641666666666,0,9.222099999999998,14.372029047619048
2207,2022-07-29 09:00:00+00:00,23.7166625,22.2333325,75.65825,2415.86582,2.26983,96.19999166666666,0.1638941666666666,0,9.222099999999998,14.372029047619048
2208,2022-07-29 10:00:00+00:00,24.2416625,22.441665,74.9665,2413.7600058333333,2.2657458333333333,96.20332666666668,0.1685941666666666,0,9.222099999999998,14.372029047619048
2209,2022-07-29 11:00:00+00:00,24.341665000000003,22.824991666666666,70.3,2411.7283075,2.4110775,96.22833083333336,0.16422,0,9.222099999999998,14.372029047619048
2210,2022-07-29 12:00:00+00:00,23.18332833333333,22.58333333333333,81.083,2411.9700058333333,2.3000775,96.2933275,0.1643208333333333,0,9.222099999999998,14.372029047619048
2211,2022-07-29 13:00:00+00:00,22.29999666666667,22.274995,83.54991666666666,2406.9341783333334,2.24716,96.38332666666668,0.1643425,0,9.222099999999998,14.372029047619048
2212,2022-07-29 14:00:00+00:00,23.157137142857145,22.633333333333336,81.04285714285714,2409.0583066666663,2.295422857142857,96.36857142857144,0.1662966666666666,0,9.222099999999998,14.372029047619048
2213,2022-07-29 15:00:00+00:00,24.45832833333333,23.258326666666665,71.32499999999999,2413.444149166666,2.2529108333333334,96.34332833333332,0.1654216666666666,0,9.222099999999998,14.372029047619048
2214,2022-07-29 16:00:00+00:00,24.25832833333333,23.258327500000004,70.825,2411.57334,2.3220766666666663,96.32916583333332,0.1647275,0,9.222099999999998,14.372029047619048
2215,2022-07-29 17:00:00+00:00,23.6083275,23.066666666666663,76.06658333333334,2402.8225058333333,2.2159975,96.34082416666666,0.1648283333333333,0,9.222099999999998,14.372029047619048
2216,2022-07-29 18:00:00+00:00,22.50833083333333,22.733329166666667,79.30833333333332,2398.79727,2.228079166666667,96.36499333333336,0.1645258333333333,0,9.222099999999998,14.372029047619048
2217,2022-07-29 19:00:00+00:00,20.324996666666667,21.841663333333333,82.06649999999999,2397.950821666667,2.031165,96.42666333333334,0.16534,0,9.222099999999998,14.372029047619048
2218,2022-07-29 20:00:00+00:00,18.96666083333333,21.099995,84.47491666666666,2398.3925116666665,1.852663333333333,96.4775,0.1644641666666666,0,9.222099999999998,14.372029047619048
2219,2022-07-29 21:00:00+00:00,18.14999416666667,20.466664166666668,85.52483333333333,2399.54333,1.779915,96.47416666666668,0.1645866666666666,0,9.222099999999998,14.372029047619048
2220,2022-07-29 22:00:00+00:00,17.316664166666666,19.75833,86.94991666666667,2400.9549925,1.7160825,96.49082583333336,0.1644833333333333,0,9.222099999999998,14.372029047619048
2221,2022-07-29 23:00:00+00:00,16.858324166666666,19.3333275,88.55833333333334,2402.1449941666665,1.6992491666666665,96.509995,0.1647691666666666,0,9.222099999999998,14.372029047619048
2222,2022-07-30 00:00:00+00:00,16.549998333333335,18.908329166666665,88.53325000000001,2403.4216666666666,1.666330833333333,96.51083166666668,0.1658491666666666,0,2.0031999999999996,13.399857256944442
2223,2022-07-30 01:00:00+00:00,16.266660833333333,18.5499975,88.95833333333334,2404.547519166667,1.6419941666666666,96.49416583333334,0.1653375,0,2.0031999999999996,13.399857256944442
2224,2022-07-30 02:00:00+00:00,16.1083325,18.299990833333336,90.0165,2405.628331666667,1.6454149999999998,96.48082833333336,0.166375,0,2.0031999999999996,13.399857256944442
2225,2022-07-30 03:00:00+00:00,16.199995833333332,18.133333333333333,90.133,2406.2524975,1.6577475,96.49166,0.1648708333333333,0,2.0031999999999996,13.399857256944442
2226,2022-07-30 04:00:00+00:00,15.749995,17.79166,89.30825000000002,2407.8008183333336,1.596542727272727,96.51916166666666,0.1642008333333333,1,2.0031999999999996,13.399857256944442
2227,2022-07-30 05:00:00+00:00,16.38333,17.924995,90.88316666666665,2408.238338333333,1.6924141666666666,96.55333,0.1655016666666666,1,2.0031999999999996,13.399857256944442
2228,2022-07-30 06:00:00+00:00,18.83332916666667,18.816661666666665,91.76666666666668,2417.0408075,2.1086336363636367,96.575996,0.1653791666666666,1,2.0031999999999996,13.399857256944442
2229,2022-07-30 07:00:00+00:00,21.79166333333333,20.099995,81.49158333333334,2431.5358225,2.2916616666666667,96.58333,0.1644425,2,2.0031999999999996,13.399857256944442
2230,2022-07-30 08:00:00+00:00,23.64999416666667,21.266663333333334,69.23316666666666,2434.6449758333333,2.3117466666666666,96.584995,0.1652558333333333,0,2.0031999999999996,13.399857256944442
2231,2022-07-30 09:00:00+00:00,25.274996666666667,22.49166333333333,58.449666666666666,2422.3783125,1.9429966666666667,96.584995,0.1627958333333333,0,2.0031999999999996,13.399857256944442
2232,2022-07-30 10:00:00+00:00,26.774995,23.716664166666664,54.58316666666666,2415.717484166667,1.9928316666666663,96.58,0.1651558333333333,0,2.0031999999999996,13.399857256944442
2233,2022-07-30 11:00:00+00:00,26.2999975,23.983326666666667,54.07475,2411.4016475000003,1.9525825,96.584995,0.16426,0,2.0031999999999996,13.399857256944442
2234,2022-07-30 12:00:00+00:00,26.43333,24.13332833333333,52.89141666666667,2404.1332966666664,1.822328333333333,96.57332666666667,0.1653575,0,2.0031999999999996,13.399857256944442
2235,2022-07-30 13:00:00+00:00,26.599996666666662,24.3916625,55.89141666666667,2399.515824166667,2.0820808333333334,96.55666166666668,0.1641783333333333,0,2.0031999999999996,13.399857256944442
2236,2022-07-30 14:00:00+00:00,27.608329166666667,25.074996666666667,50.82483333333333,2404.4616650000003,1.9144133333333333,96.52272181818184,0.1643425,0,2.0031999999999996,13.399857256944442
2237,2022-07-30 15:00:00+00:00,25.9666625,24.508329166666663,60.71633333333334,2396.5024983333333,2.1631633333333333,96.50583333333331,0.1639125,0,2.0031999999999996,13.399857256944442
2238,2022-07-30 16:00:00+00:00,26.324998333333337,24.674995833333337,55.39125,2398.279985,1.968499166666667,96.47833083333336,0.1641183333333333,0,2.0031999999999996,13.399857256944442
2239,2022-07-30 17:00:00+00:00,25.433328333333336,24.3499925,54.19975,2388.7866775,1.7601625,96.486665,0.1637091666666666,0,2.0031999999999996,13.399857256944442
2240,2022-07-30 18:00:00+00:00,23.999995833333333,23.8499975,65.95833333333333,2383.8567033333334,2.096830833333333,96.50916333333332,0.1636683333333333,0,2.0031999999999996,13.399857256944442
2241,2022-07-30 19:00:00+00:00,21.091661666666667,22.72499666666667,74.96658333333332,2383.095800833333,1.8747466666666668,96.54249416666666,0.1652975,0,2.0031999999999996,13.399857256944442
2242,2022-07-30 20:00:00+00:00,19.258329166666663,21.6666625,78.66658333333334,2384.1266441666667,1.7547491666666666,96.59416,0.1652375,0,2.0031999999999996,13.399857256944442
2243,2022-07-30 21:00:00+00:00,18.2249975,20.93333,81.09158333333333,2385.8024658333334,1.6971641666666668,96.60833083333334,0.1658275,0,2.0031999999999996,13.399857256944442
2244,2022-07-30 22:00:00+00:00,17.574995833333332,20.341661666666667,82.30816666666666,2387.0966741666666,1.6519966666666666,96.62333,0.16493,0,2.0031999999999996,13.399857256944442
2245,2022-07-30 23:00:00+00:00,17.116660833333334,19.849996666666662,82.34983333333332,2388.35581,1.6070808333333335,96.62999,0.1647674999999999,0,2.0031999999999996,13.399857256944442
2246,2022-07-31 00:00:00+00:00,16.658329166666665,19.308329166666667,82.2915,2389.5183466666667,1.5598291666666668,96.624995,0.1655008333333333,0,1.5114999999999998,13.469232152777783
2247,2022-07-31 01:00:00+00:00,15.991665833333334,18.724996666666662,83.02499999999999,2390.5675008333333,1.5064149999999998,96.6125,0.1644433333333333,0,1.5114999999999998,13.469232152777783
2248,2022-07-31 02:00:00+00:00,15.5416625,18.274995,83.99166666666666,2391.71665,1.4809125,96.60916583333334,0.1638541666666666,0,1.5114999999999998,13.469232152777783
2249,2022-07-31 03:00:00+00:00,15.2249975,17.849995,84.9415,2392.635819166667,1.467915,96.60749666666668,0.1651366666666666,0,1.5114999999999998,13.469232152777783
2250,2022-07-31 04:00:00+00:00,14.891660833333331,17.474995,85.70808333333333,2393.605016666667,1.4509958333333337,96.60916416666667,0.1647275,0,1.5114999999999998,13.469232152777783
2251,2022-07-31 05:00:00+00:00,15.5916625,17.541660833333335,87.74166666666666,2395.204158333333,1.5538300000000005,96.61583333333334,0.164585,0,1.5114999999999998,13.469232152777783
2252,2022-07-31 06:00:00+00:00,18.4583275,18.5416625,89.93308333333333,2404.338373333333,2.100996666666666,96.61666666666667,0.1652158333333333,1,1.5114999999999998,13.469232152777783
2253,2022-07-31 07:00:00+00:00,21.92499583333333,19.983328333333333,78.77491666666666,2423.648330833333,2.3779116666666664,96.59832833333331,0.1650941666666666,0,1.5114999999999998,13.469232152777783
2254,2022-07-31 08:00:00+00:00,23.949995,21.19166333333333,65.23291666666667,2428.1624916666665,1.953665,96.58332833333333,0.1645041666666666,0,1.5114999999999998,13.469232152777783
2255,2022-07-31 09:00:00+00:00,25.574995,22.566662500000003,60.20825,2416.231664166666,2.1529891666666665,96.5624925,0.1645033333333333,0,1.5114999999999998,13.469232152777783
2256,2022-07-31 10:00:00+00:00,27.058331666666664,23.799994166666664,55.741416666666666,2413.274145,2.15533,96.53583,0.1653583333333333,0,1.5114999999999998,13.469232152777783
2257,2022-07-31 11:00:00+00:00,28.349996666666662,24.683328333333336,51.14991666666667,2407.769120833333,2.135580833333333,96.49583,0.1640566666666666,0,1.5114999999999998,13.469232152777783
2258,2022-07-31 12:00:00+00:00,29.216664166666664,25.766661666666664,49.5165,2403.594113333333,2.048245833333333,96.46583,0.1629158333333333,0,1.5114999999999998,13.469232152777783
2259,2022-07-31 13:00:00+00:00,28.674994166666664,25.91666333333333,54.90808333333334,2399.471675,2.1584108333333334,96.419165,0.1644633333333333,0,1.5114999999999998,13.469232152777783
2260,2022-07-31 14:00:00+00:00,29.058330833333333,26.2999925,50.07483333333334,2398.2782975,2.165820833333333,96.37833083333334,0.1644225,0,1.5114999999999998,13.469232152777783
2261,2022-07-31 15:00:00+00:00,28.916665,26.258326666666665,53.008250000000004,2395.1025125,2.27399,96.34082916666668,0.1648708333333333,0,1.5114999999999998,13.469232152777783
2262,2022-07-31 16:00:00+00:00,28.049995,25.95832833333333,50.62483333333333,2390.5024983333333,1.974665833333333,96.30666083333334,0.16365,0,1.5114999999999998,13.469232152777783
2263,2022-07-31 17:00:00+00:00,27.08332916666667,25.641663333333337,55.533166666666666,2381.443334166667,2.0954141666666666,96.2925,0.1634866666666666,0,1.5114999999999998,13.469232152777783
2264,2022-07-31 18:00:00+00:00,25.308328333333336,25.033329166666665,64.86641666666667,2375.4974725,2.343496666666667,96.3208275,0.1650941666666666,0,1.5114999999999998,13.469232152777783
2265,2022-07-31 19:00:00+00:00,22.99166166666667,24.07499583333333,73.73333333333333,2374.3733258333336,2.371245,96.36165833333332,0.1650333333333333,0,1.5114999999999998,13.469232152777783
2266,2022-07-31 20:00:00+00:00,21.17499583333333,23.141661666666664,76.14527272727273,2374.7016366666667,1.909665,96.3999975,0.1641808333333333,0,1.5114999999999998,13.469232152777783
2267,2022-07-31 21:00:00+00:00,19.983329166666667,22.3999975,75.86666666666666,2375.965835833333,1.7714966666666667,96.40500000000002,0.1650741666666666,0,1.5114999999999998,13.469232152777783
2268,2022-07-31 22:00:00+00:00,19.13332833333333,21.749996666666664,77.54991666666666,2377.0016441666667,1.7160825,96.42249416666668,0.1660516666666666,0,1.5114999999999998,13.469232152777783
2269,2022-07-31 23:00:00+00:00,18.53333,21.1666625,80.37491666666666,2377.995824166667,1.7141650000000002,96.4325,0.1650125,0,1.5114999999999998,13.469232152777783
2270,2022-08-01 00:00:00+00:00,18.0166625,20.6166625,81.67491666666668,2378.66835,1.6875816666666663,96.42999916666668,0.1657666666666666,0,1.5583,13.943746319444443
2271,2022-08-01 01:00:00+00:00,17.54999666666667,20.091663333333333,82.43325,2379.8625033333333,1.6520791666666668,96.424995,0.1641991666666666,0,1.5583,13.943746319444443
2272,2022-08-01 02:00:00+00:00,17.13333,19.633329166666663,83.76658333333333,2380.7524975,1.6356658333333334,96.4325,0.1644225,0,1.5583,13.943746319444443
2273,2022-08-01 03:00:00+00:00,16.774994166666666,19.216663333333333,84.9665,2381.72247,1.6221633333333332,96.4224925,0.1640558333333333,0,1.5583,13.943746319444443
2274,2022-08-01 04:00:00+00:00,16.466661666666667,18.816661666666665,85.04158333333334,2383.3783516666667,1.5919966666666667,96.43666166666668,0.16542,0,1.5583,13.943746319444443
2275,2022-08-01 05:00:00+00:00,16.758331666666667,18.724998333333332,87.55825,2384.3633375,1.668330833333333,96.441665,0.1647636363636363,0,1.5583,13.943746319444443
2276,2022-08-01 06:00:00+00:00,19.25833083333333,19.649996666666667,89.79975000000002,2390.746658333333,2.147995,96.44666,0.1654633333333333,0,1.5583,13.943746319444443
2277,2022-08-01 07:00:00+00:00,22.366664166666663,20.91666083333333,77.15791666666667,2413.820875833333,2.1372475,96.42999833333332,0.1655633333333333,0,1.5583,13.943746319444443
2278,2022-08-01 08:00:00+00:00,24.533329166666665,22.08333083333333,63.78308333333334,2418.96663,1.9940816666666663,96.40166666666669,0.1634658333333333,0,1.5583,13.943746319444443
2279,2022-08-01 09:00:00+00:00,26.591664166666664,23.45832833333333,58.89983333333334,2409.429154166666,2.152495833333333,96.38999166666667,0.164565,0,1.5583,13.943746319444443
2280,2022-08-01 10:00:00+00:00,28.27499583333333,24.891661666666668,53.84133333333333,2407.6325208333333,2.4891491666666665,96.34916333333332,0.1642808333333333,0,1.5583,13.943746319444443
2281,2022-08-01 11:00:00+00:00,29.25833,25.966663333333333,43.82483333333333,2403.6241416666667,1.78125,96.3083275,0.1625508333333333,0,1.5583,13.943746319444443
2282,2022-08-01 12:00:00+00:00,29.841664166666664,26.641661666666668,46.93316666666667,2398.058363333333,2.000913333333333,96.26249666666666,0.1622875,0,1.5583,13.943746319444443
2283,2022-08-01 13:00:00+00:00,29.9249925,26.924995,45.849583333333335,2395.9300083333333,2.034831666666667,96.24666083333334,0.1641791666666666,0,1.5583,13.943746319444443
2284,2022-08-01 14:00:00+00:00,29.5416625,26.816659166666668,46.9915,2392.6624508333334,2.057665,96.21832916666666,0.1632633333333333,0,1.5583,13.943746319444443
2285,2022-08-01 15:00:00+00:00,28.88333,26.591661666666667,46.63316666666666,2390.5716525000003,1.8557491666666663,96.21416083333334,0.1647266666666666,0,1.5583,13.943746319444443
2286,2022-08-01 16:00:00+00:00,26.716663333333333,25.716663333333333,52.483250000000005,2374.6674966666665,1.8402466666666664,96.22416666666668,0.1641583333333333,0,1.5583,13.943746319444443
2287,2022-08-01 17:00:00+00:00,25.54999666666667,25.17499666666667,50.83316666666667,2368.894995,1.6623325,96.254165,0.1636091666666666,0,1.5583,13.943746319444443
2288,2022-08-01 18:00:00+00:00,24.58332916666667,24.574994166666663,57.24158333333334,2383.888360833333,1.7665825000000002,96.28082833333332,0.1640358333333333,0,1.5583,13.943746319444443
2289,2022-08-01 19:00:00+00:00,23.31666333333333,24.00832833333333,66.61658333333334,2377.181675833333,1.9075816666666665,96.33916333333332,0.1631825,0,1.5583,13.943746319444443
2290,2022-08-01 20:00:00+00:00,22.30833,23.51666333333333,70.1,2375.237485,1.8872491666666664,96.3966625,0.1655625,0,1.5583,13.943746319444443
2291,2022-08-01 21:00:00+00:00,21.691661666666665,23.058328333333336,72.54991666666668,2374.368321666667,1.8801633333333327,96.41083249999998,0.1649733333333333,0,1.5583,13.943746319444443
2292,2022-08-01 22:00:00+00:00,20.499996666666668,22.408330000000003,77.44141666666667,2374.7124791666665,1.8659991666666669,96.42249583333334,0.1635683333333333,0,1.5583,13.943746319444443
2293,2022-08-01 23:00:00+00:00,19.608330833333333,21.80833,79.32466666666667,2375.13582,1.809330833333333,96.460825,0.1645258333333333,0,1.5583,13.943746319444443
2294,2022-08-02 00:00:00+00:00,18.824996666666667,21.191661666666665,81.70825,2375.7816341666667,1.7750825,96.46416083333334,0.1651158333333333,0,1.5114999999999998,14.603746701388886
2295,2022-08-02 01:00:00+00:00,18.0416625,20.54166083333333,83.75816666666665,2376.783321666667,1.7324149999999998,96.464995,0.16538,0,1.5114999999999998,14.603746701388886
2296,2022-08-02 02:00:00+00:00,17.258330833333336,19.82499583333333,85.23299999999999,2377.9450033333333,1.6767475,96.43082583333334,0.1663358333333333,0,1.5114999999999998,14.603746701388886
2297,2022-08-02 03:00:00+00:00,16.724996666666666,19.349995,86.11658333333332,2379.4741375,1.6396625,96.41416166666666,0.164565,0,1.5114999999999998,14.603746701388886
2298,2022-08-02 04:00:00+00:00,16.55,19.025,87.18333333333334,2380.9616650000003,1.6399941666666666,96.40416666666664,0.1647908333333333,0,1.5114999999999998,14.603746701388886
2299,2022-08-02 05:00:00+00:00,17.474995833333335,19.208331666666663,90.09166666666668,2382.060014166667,1.7999975,96.43249916666667,0.16536,0,1.5114999999999998,14.603746701388886
2300,2022-08-02 06:00:00+00:00,20.624995833333333,20.3249975,93.84158333333332,2392.3491366666667,2.348994166666667,96.42499333333336,0.1424841666666666,0,1.5114999999999998,14.603746701388886
2301,2022-08-02 07:00:00+00:00,22.64166416666667,21.13332833333333,86.80816666666668,2408.994156666666,2.3838275,96.41999333333332,0.1553683333333333,0,1.5114999999999998,14.603746701388886
2302,2022-08-02 08:00:00+00:00,24.574996666666667,22.14166416666667,76.75808333333333,2415.6016983333334,2.366745,96.3999975,0.165745,0,1.5114999999999998,14.603746701388886
2303,2022-08-02 09:00:00+00:00,26.408330000000003,23.33332916666667,68.84983333333334,2406.0524875,2.4421625,96.37332916666666,0.1640566666666666,0,1.5114999999999998,14.603746701388886
2304,2022-08-02 10:00:00+00:00,27.9666625,24.5916625,62.59133333333333,2405.363298333333,2.358661666666667,96.33999333333334,0.165075,0,1.5114999999999998,14.603746701388886
2305,2022-08-02 11:00:00+00:00,29.274996666666667,25.7333275,59.15808333333333,2401.2499766666665,2.408076666666666,96.30666166666668,0.1643008333333333,0,1.5114999999999998,14.603746701388886
2306,2022-08-02 12:00:00+00:00,29.64999583333333,26.4499975,56.48316666666666,2396.17832,2.3875783333333334,96.28249416666668,0.1644858333333333,0,1.5114999999999998,14.603746701388886
2307,2022-08-02 13:00:00+00:00,29.69166583333333,26.724996666666662,58.48283333333333,2395.6150058333333,2.4409125,96.2549975,0.16424,0,1.5114999999999998,14.603746701388886
2308,2022-08-02 14:00:00+00:00,29.34999583333333,26.62499833333333,58.566583333333334,2393.2899933333333,2.4384966666666665,96.22832916666668,0.1648091666666666,0,1.5114999999999998,14.603746701388886
2309,2022-08-02 15:00:00+00:00,28.54166333333333,26.324991666666666,63.75816666666666,2392.351659166666,2.4874116666666666,96.20499,0.165705,0,1.5114999999999998,14.603746701388886
2310,2022-08-02 16:00:00+00:00,27.608330833333337,26.041665833333337,61.291666666666664,2388.620825,2.2635808333333336,96.20082416666666,0.1655616666666666,0,1.5114999999999998,14.603746701388886
2311,2022-08-02 17:00:00+00:00,26.88333,25.7166625,56.6165,2384.596655833333,2.1324141666666665,96.20499083333334,0.1646683333333333,0,1.5114999999999998,14.603746701388886
2312,2022-08-02 18:00:00+00:00,25.783329166666665,25.099995000000003,57.166583333333335,2382.94832,1.8932483333333328,96.22166666666668,0.1644633333333333,0,1.5114999999999998,14.603746701388886
2313,2022-08-02 19:00:00+00:00,23.608330833333337,24.233329166666667,68.78308333333334,2377.631668333333,2.141079166666666,96.23999833333332,0.1648091666666666,0,1.5114999999999998,14.603746701388886
2314,2022-08-02 20:00:00+00:00,21.941662500000003,23.499995833333333,74.63333333333333,2376.9458566666667,2.0581633333333333,96.24916583333334,0.1644233333333333,0,1.5114999999999998,14.603746701388886
2315,2022-08-02 21:00:00+00:00,20.58332916666667,22.633329166666663,76.69141666666667,2376.964108333333,1.85675,96.25083333333332,0.1648691666666666,0,1.5114999999999998,14.603746701388886
2316,2022-08-02 22:00:00+00:00,19.31666333333333,21.81666333333333,78.86658333333334,2378.0557825,1.7659983333333331,96.25666583333332,0.1649308333333333,0,1.5114999999999998,14.603746701388886
2317,2022-08-02 23:00:00+00:00,18.52499583333333,21.1666625,81.0665,2379.115800833333,1.7279983333333335,96.261665,0.1664375,0,1.5114999999999998,14.603746701388886
2318,2022-08-03 00:00:00+00:00,17.841663333333333,20.5833275,82.75808333333333,2380.637489166667,1.688164166666667,96.25833333333334,0.1634675,0,1.3944,14.785759861111117
2319,2022-08-03 01:00:00+00:00,17.33333,20.05832833333333,83.69991666666667,2381.6966325,1.65508,96.25083333333332,0.1645041666666666,0,1.3944,14.785759861111117
2320,2022-08-03 02:00:00+00:00,16.7916625,19.55833,84.98316666666666,2382.7391516666667,1.6229975,96.24666333333334,0.1655225,0,1.3944,14.785759861111117
2321,2022-08-03 03:00:00+00:00,16.616665,19.174995,85.92491666666668,2383.6833441666668,1.6239116666666666,96.242495,0.1657041666666666,0,1.3944,14.785759861111117
2322,2022-08-03 04:00:00+00:00,16.30832583333333,18.6999975,86.4415,2385.2016766666666,1.60191,96.26916083333332,0.1658883333333333,0,1.3944,14.785759861111117
2323,2022-08-03 05:00:00+00:00,16.766663333333334,18.749997500000003,88.858,2386.449986666667,1.6969991666666668,96.29249833333334,0.1667841666666666,0,1.3944,14.785759861111117
2324,2022-08-03 06:00:00+00:00,19.608329166666667,19.79999583333333,90.90833333333333,2393.9291933333334,2.2568275,96.284995,0.1649733333333333,0,1.3944,14.785759861111117
2325,2022-08-03 07:00:00+00:00,22.791661666666663,21.0499975,79.175,2417.7958516666667,2.1915418181818183,96.28749416666666,0.1653591666666666,0,1.3944,14.785759861111117
2326,2022-08-03 08:00:00+00:00,24.858329166666667,22.183329166666667,70.62491666666666,2422.605790833333,2.2149116666666666,96.29666666666668,0.16422,0,1.3944,14.785759861111117
2327,2022-08-03 09:00:00+00:00,26.874994166666667,23.424995,65.80825,2414.074153333333,2.329745,96.28749833333336,0.1648108333333333,0,1.3944,14.785759861111117
2328,2022-08-03 10:00:00+00:00,28.62499833333333,24.67499583333333,57.39150000000001,2413.530818333333,2.3221633333333336,96.24583083333334,0.1647091666666666,0,1.3944,14.785759861111117
2329,2022-08-03 11:00:00+00:00,29.84999833333333,25.799995,51.86625,2410.2841741666666,2.2358325000000003,96.20999416666666,0.16365,0,1.3944,14.785759861111117
2330,2022-08-03 12:00:00+00:00,30.5999975,26.81666333333333,47.0165,2405.1200108333333,2.1133291666666665,96.17249666666667,0.1628975,0,1.3944,14.785759861111117
2331,2022-08-03 13:00:00+00:00,30.93332666666667,27.283325833333333,48.49958333333333,2405.6274783333333,2.2897458333333334,96.14082916666666,0.1635266666666666,0,1.3944,14.785759861111117
2332,2022-08-03 14:00:00+00:00,30.908328333333333,27.258327500000004,50.12500000000001,2400.6375066666665,2.2729941666666664,96.67831583333331,0.1643854545454545,0,1.3944,14.785759861111117
2333,2022-08-03 15:00:00+00:00,30.341665000000003,26.999996666666664,53.76658333333334,2399.048315833333,2.4013266666666664,96.3916625,0.1640566666666666,0,1.3944,14.785759861111117
2334,2022-08-03 16:00:00+00:00,29.499995833333333,26.70832916666667,57.066583333333334,2393.59165,2.3519966666666665,96.51661583333332,0.165075,0,1.3944,14.785759861111117
2335,2022-08-03 17:00:00+00:00,28.4166625,26.433328333333336,59.98308333333333,2389.4241500000003,2.3209125,95.99666333333334,0.1648908333333333,0,1.3944,14.785759861111117
2336,2022-08-03 18:00:00+00:00,27.191660833333334,25.9249975,63.733083333333326,2386.7416741666666,2.29833,96.38330166666668,0.1645466666666666,0,1.3944,14.785759861111117
2337,2022-08-03 19:00:00+00:00,25.0416625,25.17499666666667,62.67483333333333,2381.512486666667,2.1963325,96.3749975,0.16483,0,1.3944,14.785759861111117
2338,2022-08-03 20:00:00+00:00,23.86666083333333,24.591661666666667,67.56641666666667,2379.619135833333,2.1046633333333333,96.69165833333334,0.1644024999999999,0,1.3944,14.785759861111117
2339,2022-08-03 21:00:00+00:00,22.399995,23.89166416666667,76.08333333333334,2379.4641675,2.1875766666666667,96.7249925,0.1646875,0,1.3944,14.785759861111117
2340,2022-08-03 22:00:00+00:00,21.3249975,23.341661666666667,77.65816666666666,2379.903315833333,1.9672491666666667,96.644975,0.16544,0,1.3944,14.785759861111117
2341,2022-08-03 23:00:00+00:00,20.86666333333333,22.891661666666668,78.84150000000001,2380.4691733333334,1.9431641666666664,96.11416666666668,0.1654,0,1.3944,14.785759861111117
2342,2022-08-04 00:00:00+00:00,20.2166625,22.374997500000003,78.34983333333334,2380.588333333333,1.856415,96.12416083333332,0.16477,0,1.1134000000000004,15.584230659722227
2343,2022-08-04 01:00:00+00:00,19.249997500000003,21.6999975,80.6165,2381.3474708333333,1.7972483333333331,96.13582333333332,0.1647683333333333,0,1.1134000000000004,15.584230659722227
2344,2022-08-04 02:00:00+00:00,18.70832916666667,21.2416625,82.21641666666666,2382.3816691666666,1.776415,96.14332583333334,0.1638133333333333,0,1.1134000000000004,15.584230659722227
2345,2022-08-04 03:00:00+00:00,18.1749975,20.6416625,81.79983333333332,2382.9366616666666,1.70508,96.15666666666668,0.1653191666666666,0,1.1134000000000004,15.584230659722227
2346,2022-08-04 04:00:00+00:00,17.8666575,20.29166,83.49141666666667,2384.1341716666666,1.7081658333333334,96.1666625,0.1651149999999999,0,1.1134000000000004,15.584230659722227
2347,2022-08-04 05:00:00+00:00,18.499997500000003,20.283329166666665,86.10799999999999,2385.4033166666663,1.8316633333333328,96.1974925,0.1649316666666666,0,1.1134000000000004,15.584230659722227
2348,2022-08-04 06:00:00+00:00,20.7916625,21.05833,87.82483333333334,2392.7133341666668,2.2916608333333333,96.19999,0.165705,0,1.1134000000000004,15.584230659722227
2349,2022-08-04 07:00:00+00:00,23.483329166666667,22.06666333333333,75.72491666666666,2415.0608666666667,2.2704958333333334,96.19666,0.1644425,0,1.1134000000000004,15.584230659722227
2350,2022-08-04 08:00:00+00:00,25.783329166666665,23.199995,68.99983333333334,2419.8166275,2.4188283333333334,96.18583333333332,0.1652166666666666,0,1.1134000000000004,15.584230659722227
2351,2022-08-04 09:00:00+00:00,27.966663333333333,24.48333,62.14991666666666,2410.820021666667,2.3422466666666666,96.16666,0.1646466666666666,0,1.1134000000000004,15.584230659722227
2352,2022-08-04 10:00:00+00:00,29.79999583333333,25.758329166666663,57.85825,2408.778335833333,2.4931625,96.27248083333336,0.1644233333333333,0,1.1134000000000004,15.584230659722227
2353,2022-08-04 11:00:00+00:00,31.2583275,27.00833,55.00816666666667,2402.829991666667,2.5059158333333333,96.80832083333333,0.1646866666666666,0,1.1134000000000004,15.584230659722227
2354,2022-08-04 12:00:00+00:00,32.374965833333334,27.83333,51.441416666666676,2397.029985,2.454161666666667,96.46666166666668,0.1638516666666666,0,1.1134000000000004,15.584230659722227
2355,2022-08-04 13:00:00+00:00,31.733320000000003,31.762905185185183,47.69166666666666,2071.523212857143,2.3578291666666664,96.226645,0.1605366666666666,0,1.1134000000000004,15.584230659722227
2356,2022-08-04 14:00:00+00:00,31.86666333333333,28.05,45.37491666666666,2390.907469166667,2.21358,95.9574925,0.1640975,0,1.1134000000000004,15.584230659722227
2357,2022-08-04 15:00:00+00:00,30.60833,27.5416625,46.14991666666666,2380.707495,2.257581666666667,95.93333166666667,0.1638533333333333,0,1.1134000000000004,15.584230659722227
2358,2022-08-04 16:00:00+00:00,29.35833,27.041665,54.44116666666666,2379.6458291666668,2.278163333333333,95.90833166666664,0.1644633333333333,0,1.1134000000000004,15.584230659722227
2359,2022-08-04 17:00:00+00:00,29.091665000000003,27.04999833333333,47.75816666666667,2366.0674808333333,2.0419116666666666,95.91249666666666,0.163995,0,1.1134000000000004,15.584230659722227
2360,2022-08-04 18:00:00+00:00,27.158329166666665,26.30833,55.47475000000001,2371.1083133333336,2.1892466666666666,95.94166083333332,0.164055,0,1.1134000000000004,15.584230659722227
2361,2022-08-04 19:00:00+00:00,25.56666416666667,25.516661666666668,56.78316666666666,2374.9549716666666,1.8599991666666664,96.36914,0.1637725,0,1.1134000000000004,15.584230659722227
2362,2022-08-04 20:00:00+00:00,24.44166333333333,24.949996666666667,63.71633333333334,2370.9450208333333,2.0960825,96.58332666666666,0.16424,0,1.1134000000000004,15.584230659722227
2363,2022-08-04 21:00:00+00:00,23.04999666666667,24.30833,72.06658333333334,2369.9891725,2.3745791666666665,96.57831416666666,0.1648291666666666,0,1.1134000000000004,15.584230659722227
2364,2022-08-04 22:00:00+00:00,22.341661666666667,23.88332583333333,74.88333333333334,2369.4466725,2.3024983333333333,96.45498083333332,0.1650341666666666,0,1.1134000000000004,15.584230659722227
2365,2022-08-04 23:00:00+00:00,22.1499975,23.599999166666667,76.99983333333333,2369.4466716666666,2.5216625,96.35080333333332,0.1646875,0,1.1134000000000004,15.584230659722227
2366,2022-08-05 00:00:00+00:00,21.474995000000003,23.17499666666667,77.51641666666667,2368.8041925,2.0849991666666665,96.263315,0.1639558333333333,0,0.5983999999999998,15.555828923611113
2367,2022-08-05 01:00:00+00:00,21.074998333333333,22.816661666666665,78.39975,2369.2824466666666,1.9559966666666664,96.18415833333334,0.1644425,0,0.5983999999999998,15.555828923611113
2368,2022-08-05 02:00:00+00:00,20.374995833333333,22.2749975,80.258,2368.95833,1.9190833333333333,96.11666666666667,0.1658475,0,0.5983999999999998,15.555828923611113
2369,2022-08-05 03:00:00+00:00,19.52499416666667,21.69166333333333,83.36666666666666,2369.7874525,1.889415,96.48079166666666,0.1641783333333333,0,0.5983999999999998,15.555828923611113
2370,2022-08-05 04:00:00+00:00,19.316658333333333,21.38332833333333,83.93324999999999,2370.203324166667,1.8780791666666667,96.45249,0.16491,0,0.5983999999999998,15.555828923611113
2371,2022-08-05 05:00:00+00:00,19.508329166666663,21.25833,86.89983333333333,2370.49666,2.0998316666666668,96.157495,0.1650333333333333,0,0.5983999999999998,15.555828923611113
2372,2022-08-05 06:00:00+00:00,21.166661666666663,21.7749975,88.75833333333333,2369.9108441666667,2.2286641666666664,96.1708325,0.1638133333333333,0,0.5983999999999998,15.555828923611113
2373,2022-08-05 07:00:00+00:00,23.73333,22.749995833333333,79.375,2398.6116291666667,2.325579166666667,96.19416083333334,0.164565,0,0.5983999999999998,15.555828923611113
2374,2022-08-05 08:00:00+00:00,25.533330000000003,23.59166,71.575,2400.465835833333,2.339496666666667,96.1958275,0.1652166666666666,0,0.5983999999999998,15.555828923611113
2375,2022-08-05 09:00:00+00:00,27.75833,24.7666625,64.38308333333333,2400.140029166667,2.397910833333333,96.1974925,0.1645458333333333,0,0.5983999999999998,15.555828923611113
2376,2022-08-05 10:00:00+00:00,27.633329166666663,24.966661666666667,68.4415,2392.4525291666664,2.53183,96.169995,0.1641566666666666,0,0.5983999999999998,15.555828923611113
2377,2022-08-05 11:00:00+00:00,27.20832916666667,25.09166,70.13316666666665,2389.718318333333,2.5248275,96.14416166666666,0.1642808333333333,0,0.5983999999999998,15.555828923611113
2378,2022-08-05 12:00:00+00:00,30.00833,26.666664166666667,58.20824999999999,2393.3799616666665,2.4732458333333334,96.5832975,0.1641375,0,0.5983999999999998,15.555828923611113
2379,2022-08-05 13:00:00+00:00,30.733330833333337,27.374996666666664,53.216499999999996,2390.362523333333,2.3854141666666666,96.424995,0.1642183333333333,0,0.5983999999999998,15.555828923611113
2380,2022-08-05 14:00:00+00:00,30.73333,27.541665833333337,57.65825,2390.360853333333,2.54833,96.47496333333332,0.1638333333333333,0,0.5983999999999998,15.555828923611113
2381,2022-08-05 15:00:00+00:00,29.56666,27.191661666666665,61.616499999999995,2382.235835,2.55308,95.98832833333334,0.16424,0,0.5983999999999998,15.555828923611113
2382,2022-08-05 16:00:00+00:00,27.783329166666665,26.45832916666667,59.758,2382.040788333333,2.227580833333333,96.48329,0.1639958333333333,0,0.5983999999999998,15.555828923611113
2383,2022-08-05 17:00:00+00:00,26.641661666666668,25.92499583333333,59.208000000000006,2370.3483041666664,2.4814108333333333,96.4116625,0.1646475,0,0.5983999999999998,15.555828923611113
2384,2022-08-05 18:00:00+00:00,25.433328333333336,25.441665,60.57475,2366.9833133333336,2.017665833333333,96.31666166666668,0.1632633333333333,0,0.5983999999999998,15.555828923611113
2385,2022-08-05 19:00:00+00:00,22.95833,24.441661666666665,74.67491666666668,2365.434138333333,2.50108,96.49915833333334,0.1645866666666666,0,0.5983999999999998,15.555828923611113
2386,2022-08-05 20:00:00+00:00,21.466661666666667,23.4666625,83.54166666666667,2366.144160833333,2.1369966666666667,96.58166166666666,0.1641383333333333,0,0.5983999999999998,15.555828923611113
2387,2022-08-05 21:00:00+00:00,20.64166,22.849996666666662,85.94966666666667,2367.4524708333333,2.6492366666666665,96.61999666666668,0.1652966666666666,0,0.5983999999999998,15.555828923611113
2388,2022-08-05 22:00:00+00:00,20.37499333333333,22.449995,88.50000000000001,2369.0358225,2.1162466666666666,96.60499583333336,0.1651758333333333,0,0.5983999999999998,15.555828923611113
2389,2022-08-05 23:00:00+00:00,20.04999833333333,22.091664166666664,88.91666666666667,2369.9166425,2.7419116666666667,96.59165916666666,0.1651975,0,0.5983999999999998,15.555828923611113
2390,2022-08-06 00:00:00+00:00,19.69166333333333,21.716663333333333,89.325,2370.7582975,2.4741625,96.57666166666668,0.1648083333333333,0,1.5584999999999996,13.54874614583333
2391,2022-08-06 01:00:00+00:00,19.33332916666667,21.3416625,88.79166666666666,2371.289975,2.063163333333333,96.570825,0.1648308333333333,0,1.5584999999999996,13.54874614583333
2392,2022-08-06 02:00:00+00:00,18.77499583333333,20.88333,89.1665,2372.0491691666666,1.9305808333333327,96.58333,0.1645658333333333,0,1.5584999999999996,13.54874614583333
2393,2022-08-06 03:00:00+00:00,18.358325833333332,20.45832916666667,89.56641666666667,2372.8824625,1.8889991666666663,96.5841625,0.1644441666666666,0,1.5584999999999996,13.54874614583333
2394,2022-08-06 04:00:00+00:00,18.224996666666662,20.20833083333333,91.12458333333335,2374.3033016666664,1.9052483333333332,96.60749666666668,0.165195,0,1.5584999999999996,13.54874614583333
2395,2022-08-06 05:00:00+00:00,18.716664166666668,20.291659166666665,91.93316666666668,2375.404169166666,2.0423325,96.64666333333334,0.1643425,1,1.5584999999999996,13.54874614583333
2396,2022-08-06 06:00:00+00:00,19.9083275,20.66666333333333,91.93291666666667,2394.484165833333,2.399078333333333,96.6691575,0.1657666666666666,1,1.5584999999999996,13.54874614583333
2397,2022-08-06 07:00:00+00:00,21.6749975,21.31666333333333,88.33324999999999,2406.4299683333334,2.28908,96.68416416666668,0.165625,1,1.5584999999999996,13.54874614583333
2398,2022-08-06 08:00:00+00:00,22.56666333333333,21.766659166666667,82.24975,2405.9175158333333,2.24883,96.703325,0.16481,2,1.5584999999999996,13.54874614583333
2399,2022-08-06 09:00:00+00:00,23.016665,22.13333083333333,77.79975,2406.9783475,2.1855783333333334,96.72999500000002,0.165135,0,1.5584999999999996,13.54874614583333
2400,2022-08-06 10:00:00+00:00,23.63333083333333,22.75832833333333,74.85825,2406.0700225,2.2456625,96.744995,0.165115,0,1.5584999999999996,13.54874614583333
2401,2022-08-06 11:00:00+00:00,24.7916625,23.749996666666664,70.54158333333334,2406.900019166667,2.2060766666666667,96.7258325,0.1643808333333333,0,1.5584999999999996,13.54874614583333
2402,2022-08-06 12:00:00+00:00,25.08333333333333,24.391661666666664,69.35833333333333,2404.403315833333,2.207745,96.70999166666668,0.1648916666666667,0,1.5584999999999996,13.54874614583333
2403,2022-08-06 13:00:00+00:00,24.899995,24.558333333333334,68.74166666666667,2403.30751,2.163245,96.6941625,0.163955,0,1.5584999999999996,13.54874614583333
2404,2022-08-06 14:00:00+00:00,24.316659166666668,24.333325,69.13333333333333,2404.5466475,2.379911666666666,96.69416166666667,0.1649316666666666,0,1.5584999999999996,13.54874614583333
2405,2022-08-06 15:00:00+00:00,23.9666625,24.00833,69.21666666666665,2401.1774666666665,2.3989966666666667,96.67082916666668,0.1654425,0,1.5584999999999996,13.54874614583333
2406,2022-08-06 16:00:00+00:00,23.524996666666667,23.58333083333333,69.76650000000001,2397.6466425,2.315160833333333,96.6624975,0.1645641666666666,0,1.5584999999999996,13.54874614583333
2407,2022-08-06 17:00:00+00:00,22.933330833333333,23.18333,72.38308333333333,2389.03916,2.421578333333333,96.65916333333332,0.1657875,0,1.5584999999999996,13.54874614583333
2408,2022-08-06 18:00:00+00:00,21.57499583333333,22.59166083333333,75.70824999999999,2385.2499566666665,2.0569975,96.69416333333334,0.1635083333333333,0,1.5584999999999996,13.54874614583333
2409,2022-08-06 19:00:00+00:00,20.024996666666667,21.874997500000003,79.908,2384.165808333333,1.869830833333333,96.6983275,0.1653783333333333,0,1.5584999999999996,13.54874614583333
2410,2022-08-06 20:00:00+00:00,18.95832833333333,21.124995,81.2665,2384.404985,1.7795825,96.7174975,0.1650741666666666,0,1.5584999999999996,13.54874614583333
2411,2022-08-06 21:00:00+00:00,18.216661666666667,20.48333,81.23325,2385.187495,1.6991641666666668,96.6958275,0.1647691666666666,0,1.5584999999999996,13.54874614583333
2412,2022-08-06 22:00:00+00:00,17.0999975,19.75833,82.98316666666666,2386.558324166667,1.6177425,96.65916416666666,0.1643816666666666,0,1.5584999999999996,13.54874614583333
2413,2022-08-06 23:00:00+00:00,16.358328333333333,19.158329166666665,84.99166666666666,2387.701675,1.5792458333333332,96.62832833333334,0.1647283333333333,0,1.5584999999999996,13.54874614583333
2414,2022-08-07 00:00:00+00:00,16.0416625,18.67499666666667,85.85816666666666,2388.8575191666664,1.5648308333333334,96.573325,0.1652383333333333,0,1.8394999999999992,13.006871215277778
2415,2022-08-07 01:00:00+00:00,15.824993333333332,18.349990833333333,87.67483333333334,2390.3624825,1.577721818181818,96.53453909090908,0.1648908333333333,0,1.8394999999999992,13.006871215277778
2416,2022-08-07 02:00:00+00:00,16.466663333333333,18.39999,88.6165,2390.9608125,1.6588333333333332,96.52999416666668,0.1657666666666666,0,1.8394999999999992,13.006871215277778
2417,2022-08-07 03:00:00+00:00,16.924995833333334,18.441660833333334,88.05825,2390.90834,1.69908,96.48749833333332,0.1655616666666666,0,1.8394999999999992,13.006871215277778
2418,2022-08-07 04:00:00+00:00,17.23333,18.5,86.94125,2390.401648333333,1.7082491666666666,96.4949975,0.1653591666666666,0,1.8394999999999992,13.006871215277778
2419,2022-08-07 05:00:00+00:00,17.283328333333333,18.5,86.70808333333333,2389.9057975,1.7084966666666668,96.52415666666668,0.1651333333333333,1,1.8394999999999992,13.006871215277778
2420,2022-08-07 06:00:00+00:00,17.774996666666667,18.64166583333333,87.46633333333334,2389.9274475,1.77858,96.54249916666669,0.1654816666666666,1,1.8394999999999992,13.006871215277778
2421,2022-08-07 07:00:00+00:00,18.70832916666667,19.024996666666667,87.18316666666666,2415.731645833333,1.880828333333333,96.53416083333332,0.165015,1,1.8394999999999992,13.006871215277778
2422,2022-08-07 08:00:00+00:00,20.149995,19.63332833333333,85.658,2417.3758491666667,2.1858325,96.52582333333334,0.1643208333333333,2,1.8394999999999992,13.006871215277778
2423,2022-08-07 09:00:00+00:00,21.9166625,20.524998333333333,81.2415,2415.6125225,2.2444125,96.52832583333334,0.1659291666666666,2,1.8394999999999992,13.006871215277778
2424,2022-08-07 10:00:00+00:00,23.033330000000003,21.3416625,78.34983333333334,2413.847528333333,2.2020791666666666,96.51582666666668,0.1661533333333333,0,1.8394999999999992,13.006871215277778
2425,2022-08-07 11:00:00+00:00,23.716664166666664,22.158329166666665,73.85000000000001,2412.593298333333,2.1645791666666665,96.48999916666666,0.1643025,0,1.8394999999999992,13.006871215277778
2426,2022-08-07 12:00:00+00:00,24.38333,22.899998333333333,71.47466666666666,2416.4574733333334,2.1810775,96.474165,0.1646683333333333,0,1.8394999999999992,13.006871215277778
2427,2022-08-07 13:00:00+00:00,24.31666333333333,23.266660833333333,71.05825,2410.429154166666,2.1599125000000003,96.45749583333333,0.1647483333333333,0,1.8394999999999992,13.006871215277778
2428,2022-08-07 14:00:00+00:00,24.81666416666667,23.58333083333333,68.92491666666666,2414.3883425,2.2194933333333333,96.42166333333334,0.1661933333333333,0,1.8394999999999992,13.006871215277778
2429,2022-08-07 15:00:00+00:00,24.7166625,23.724995000000003,67.04975,2411.0300033333333,2.2786625,96.429165,0.1641791666666666,0,1.8394999999999992,13.006871215277778
2430,2022-08-07 16:00:00+00:00,24.5499975,23.7249975,67.41666666666667,2412.3591866666666,2.414155,96.4083325,0.1646675,0,1.8394999999999992,13.006871215277778
2431,2022-08-07 17:00:00+00:00,23.9749975,23.50833,67.76650000000001,2404.0233116666664,2.232079166666667,96.42749666666668,0.1638524999999999,0,1.8394999999999992,13.006871215277778
2432,2022-08-07 18:00:00+00:00,23.058328333333336,23.066661666666665,73.14983333333332,2397.98083,2.6024991666666666,96.46332833333334,0.1640966666666666,0,1.8394999999999992,13.006871215277778
2433,2022-08-07 19:00:00+00:00,21.024996666666667,22.06666333333333,76.84983333333334,2396.5157841666664,1.9135816666666667,96.5149925,0.1646483333333333,0,1.8394999999999992,13.006871215277778
2434,2022-08-07 20:00:00+00:00,18.966663333333333,21.058329166666667,80.358,2397.013643636364,1.7598325,96.51666083333332,0.165075,0,1.8394999999999992,13.006871215277778
2435,2022-08-07 21:00:00+00:00,17.633328333333335,20.249996666666664,83.03333333333333,2398.376643333333,1.6739125,96.5058325,0.1642808333333333,0,1.8394999999999992,13.006871215277778
2436,2022-08-07 22:00:00+00:00,17.091664166666664,19.6583275,84.58308333333333,2399.894160833333,1.6493316666666666,96.50916416666666,0.1657866666666666,0,1.8394999999999992,13.006871215277778
2437,2022-08-07 23:00:00+00:00,16.316662500000003,18.9916625,84.33324999999999,2401.260858333333,1.564079166666667,96.5075,0.1655608333333333,0,1.8394999999999992,13.006871215277778
2438,2022-08-08 00:00:00+00:00,15.799997500000002,18.48333,86.04983333333332,2402.845025,1.5434966666666667,96.50416666666666,0.1647283333333333,0,1.3476,12.317634409722217
2439,2022-08-08 01:00:00+00:00,15.2499975,17.891663333333334,85.91641666666666,2404.2075133333333,1.4869966666666663,96.48333166666669,0.1652158333333333,0,1.3476,12.317634409722217
2440,2022-08-08 02:00:00+00:00,14.6166625,17.3666625,86.81649999999999,2405.681675833333,1.4442458333333337,96.48332916666668,0.1652775,0,1.3476,12.317634409722217
2441,2022-08-08 03:00:00+00:00,14.55833,17.108333333333334,89.49158333333332,2407.169145,1.4822483333333334,96.48666416666669,0.1658891666666666,0,1.3476,12.317634409722217
2442,2022-08-08 04:00:00+00:00,14.574996666666664,16.858325,88.91666666666667,2408.735795,1.4746608333333333,96.5183275,0.165095,0,1.3476,12.317634409722217
2443,2022-08-08 05:00:00+00:00,15.266663333333334,16.983325833333335,91.47475,2410.273293333333,1.5859133333333333,96.545,0.1646066666666666,1,1.3476,12.317634409722217
2444,2022-08-08 06:00:00+00:00,17.883329166666666,18.04999666666667,92.19158333333334,2415.004999166667,1.8954958333333332,96.5599925,0.1651133333333333,1,1.3476,12.317634409722217
2445,2022-08-08 07:00:00+00:00,21.074996666666667,19.483329166666667,83.43308333333333,2438.4499883333333,2.32783,96.57082416666668,0.1662341666666666,1,1.3476,12.317634409722217
2446,2022-08-08 08:00:00+00:00,23.024995,20.749995833333333,73.79166666666667,2444.675836666667,2.476080833333333,96.58,0.1649933333333333,0,1.3476,12.317634409722217
2447,2022-08-08 09:00:00+00:00,24.383329166666663,21.95832916666667,69.61666666666666,2435.708348333333,2.277246666666666,96.574995,0.165705,0,1.3476,12.317634409722217
2448,2022-08-08 10:00:00+00:00,25.57499583333333,23.158330000000003,66.08308333333333,2435.2441375,2.231081666666667,96.5649925,0.164505,0,1.3476,12.317634409722217
2449,2022-08-08 11:00:00+00:00,26.508326666666665,24.216663333333333,63.4665,2432.5141375,2.2389966666666665,96.54833166666668,0.1640766666666666,0,1.3476,12.317634409722217
2450,2022-08-08 12:00:00+00:00,26.94166,24.9749975,62.77483333333333,2429.020848333333,2.2291641666666666,96.525825,0.1646275,0,1.3476,12.317634409722217
2451,2022-08-08 13:00:00+00:00,26.841656666666665,25.349990833333333,60.14966666666667,2432.971615,2.3997425,96.51666,0.1636091666666666,0,1.3476,12.317634409722217
2452,2022-08-08 14:00:00+00:00,26.5333275,25.30832666666667,55.42466666666667,2427.470860833333,1.9402491666666668,96.50833333333334,0.1643216666666666,0,1.3476,12.317634409722217
2453,2022-08-08 15:00:00+00:00,26.0416625,24.999996666666664,54.6415,2426.761654166666,1.8402491666666665,96.49332833333334,0.1646691666666666,0,1.3476,12.317634409722217
2454,2022-08-08 16:00:00+00:00,25.62499833333333,24.69999583333333,51.56658333333334,2422.5324675,1.6940791666666666,96.47833333333334,0.1643825,0,1.3476,12.317634409722217
2455,2022-08-08 17:00:00+00:00,24.74166333333333,24.274995,52.19991666666667,2414.124975,1.6273291666666667,96.4933325,0.1637908333333333,0,1.3476,12.317634409722217
2456,2022-08-08 18:00:00+00:00,23.4833275,23.64999583333333,60.258,2408.81496,1.7387466666666669,96.54416083333332,0.1641999999999999,0,1.3476,12.317634409722217
2457,2022-08-08 19:00:00+00:00,21.7666625,22.858330833333337,69.56649999999999,2407.8958283333336,1.8112491666666664,96.60332916666668,0.1635083333333333,0,1.3476,12.317634409722217
2458,2022-08-08 20:00:00+00:00,19.916661666666663,21.849995000000003,74.9909090909091,2408.57332,1.7414958333333332,96.63582333333332,0.1650325,0,1.3476,12.317634409722217
2459,2022-08-08 21:00:00+00:00,18.349996666666662,20.916664166666667,76.58333333333333,2410.203323333333,1.6164958333333337,96.63832333333332,0.1651766666666666,0,1.3476,12.317634409722217
2460,2022-08-08 22:00:00+00:00,17.416663333333332,20.183329166666667,78.04141666666666,2412.044165,1.5509958333333334,96.63999,0.1647283333333333,0,1.3476,12.317634409722217
2461,2022-08-08 23:00:00+00:00,16.80832583333333,19.608330833333333,80.19141666666667,2413.650813333333,1.5343308333333334,96.62915916666668,0.1637916666666666,0,1.3476,12.317634409722217
2462,2022-08-09 00:00:00+00:00,16.716665,19.274994166666666,80.70825,2415.289994166667,1.5366633333333333,96.60999583333334,0.1632424999999999,0,0.0,11.659163154761904
2463,2022-08-09 01:00:00+00:00,16.666666666666668,18.99166333333333,80.76658333333334,2415.9216675,1.5304975,96.61583333333334,0.1646475,0,0.0,11.659163154761904
2464,2022-08-09 02:00:00+00:00,16.17499666666667,18.499995833333333,80.74991666666666,2416.8641525,1.4853283333333334,96.62999166666668,0.1648099999999999,0,0.0,11.659163154761904
2465,2022-08-09 03:00:00+00:00,15.358330833333332,17.8499975,81.88308333333333,2417.9,1.4295766666666667,96.62832666666668,0.1650933333333333,0,0.0,11.659163154761904
2466,2022-08-09 04:00:00+00:00,14.516663333333334,17.216663333333333,82.86658333333334,2419.304135833333,1.3681633333333334,96.63999083333331,0.1655216666666666,0,0.0,11.659163154761904
2467,2022-08-09 05:00:00+00:00,14.4416625,16.933326666666666,87.26641666666667,2421.763321666667,1.4354975,96.67166416666667,0.1647483333333333,0,0.0,11.659163154761904
2468,2022-08-09 06:00:00+00:00,17.416661666666666,18.041664166666667,90.09166666666668,2427.86584,1.79383,96.6974925,0.1649508333333333,0,0.0,11.659163154761904
2469,2022-08-09 07:00:00+00:00,21.224995,19.58332916666667,82.4165,2454.1424925,2.312911666666667,96.714995,0.1647475,0,0.0,11.659163154761904
2470,2022-08-09 08:00:00+00:00,23.233329166666667,20.8666625,72.05824999999999,2459.9900058333333,2.581655,96.70582416666667,0.1648916666666666,0,0.0,11.659163154761904
2471,2022-08-09 09:00:00+00:00,24.67499666666667,22.149996666666667,66.84166666666668,2449.1225125,2.595571666666667,96.70332333333332,0.1652166666666666,0,0.0,11.659163154761904
2472,2022-08-09 10:00:00+00:00,25.94999583333333,23.349995000000003,62.34991666666666,2447.269120833333,2.4188308333333333,96.7099925,0.16485,0,0.0,11.659163154761904
2473,2022-08-09 11:00:00+00:00,26.8666625,24.391663333333337,58.99974999999999,2442.616654166666,2.356829166666667,96.6908325,0.1639766666666666,0,0.0,11.659163154761904
2474,2022-08-09 12:00:00+00:00,27.366658333333334,25.0916625,54.999833333333335,2437.91251,2.13558,96.67249583333334,0.1638125,0,0.0,11.659163154761904
2475,2022-08-09 13:00:00+00:00,27.5,25.39999,52.800000000000004,2442.1101,1.942,96.66,0.161775,0,0.0,11.659163154761904
